model linking_length pyfof_grp N clump_mass[Msol] com_x[kpc] com_y[kpc] com_z[kpc] max_r[kpc] clump_r_avg[kpc] r[kpc] avg_temp[K] avg_pressure[Pa] avg_nHden[cm^-3] vdist[km/s] entropy[K/(Msolkpc**3)**(2/3)]
GM1 1.00 0 7 1486386.46 -25.60 -85.15 -7.89 1.57 0.91 89.26 14652.62 6760307.71 0.0000200023 7.90 848729957661971769720832.00
GM1 1.00 1 36 7592885.66 -27.41 -85.34 -3.27 3.43 1.44 89.69 10087.59 24086005.98 0.0035997736 10.20 192772869277683269238784.00
GM1 1.00 2 13 2613359.81 -14.47 -80.72 0.56 1.28 0.76 82.01 12978.24 10622000.08 0.0000904823 9.33 502596162135174563233792.00
GM1 1.00 3 15 3200095.90 -2.82 -75.26 -7.14 1.43 0.67 75.65 11825.26 13852041.32 0.0003010055 7.83 355990171691790698020864.00
GM1 1.00 4 2 428342.48 -9.99 -67.94 -1.00 0.13 0.13 68.67 22390.22 3994512.94 0.0000015493 2.61 2431041149845535046238208.00
GM1 1.00 5 2 424178.84 -4.99 -74.90 -8.95 0.29 0.29 75.60 16771.10 6104030.04 0.0000103722 7.74 1132340679032823904993280.00
GM1 1.00 6 2 362365.43 -7.40 -80.45 -2.95 0.30 0.25 80.84 28415.50 3537877.06 0.0000004906 5.40 3942789170416063032066048.00
GM1 1.00 7 2 424229.13 -18.95 -80.89 -2.31 0.12 0.12 83.12 21340.04 4380439.24 0.0000021995 4.43 2111718272964870195380224.00
GM1 1.00 8 25 5191599.54 -21.90 -83.98 -0.16 2.93 1.40 86.79 11121.19 16633378.10 0.0007829200 9.51 285072777107444231831552.00
GM1 1.00 9 2 424180.10 -3.26 -77.28 -6.30 0.39 0.39 77.60 13995.40 7949934.85 0.0000311686 7.21 693232242573835054874624.00
GM1 1.00 10 3 636357.47 -11.82 -64.92 2.87 0.71 0.60 66.04 18034.38 5162242.97 0.0000055225 7.33 1423948135464365449019392.00
GM1 1.00 11 29 5990932.29 -27.59 -64.31 0.41 3.66 1.46 69.98 11258.08 17892218.41 0.0011698794 9.23 303850561599863580000256.00
GM1 1.00 12 11 2135542.58 2.16 -108.31 18.89 1.22 0.88 109.97 9663.19 29304204.49 0.0052255884 9.66 132248680714372739235840.00
GM1 1.00 13 150 30483681.38 5.32 -105.89 18.86 4.98 2.73 107.69 9567.96 30506318.11 0.0066004990 9.45 134591334509374521475072.00
GM1 1.00 14 11 2288997.19 7.62 -100.24 20.42 0.90 0.54 102.59 10930.12 16827985.84 0.0007432164 5.21 262477169637629500588032.00
GM1 1.00 15 8 1727276.92 8.05 -93.47 22.89 0.76 0.52 96.57 13567.00 9550912.32 0.0000572811 6.96 579367504269217089191936.00
GM1 1.00 16 32 6627475.54 11.26 -100.78 18.70 3.22 1.58 103.12 10489.19 20588652.12 0.0016884476 7.54 213869722214569630236672.00
GM1 1.00 17 2 434576.14 8.30 -102.15 19.43 0.41 0.40 104.31 12113.47 12911728.97 0.0001973956 7.19 384772942190277520523264.00
GM1 1.00 18 3 557089.09 6.46 -98.72 21.39 0.61 0.42 101.22 14115.14 9647966.54 0.0000544156 11.28 622970411366570285596672.00
GM1 1.00 19 2 439680.09 7.18 -89.46 19.94 0.29 0.28 91.93 12673.14 10836647.15 0.0001000308 3.30 472660254092438806724608.00
GM1 1.00 20 346 71475725.95 0.40 -95.84 15.52 8.36 4.25 97.09 10257.47 22806896.62 0.0023688637 12.43 188798353575426482241536.00
GM1 1.00 21 62 13099739.07 10.38 -89.85 17.59 3.86 2.18 92.14 10302.43 23001238.93 0.0028997894 11.75 196375266993884587098112.00
GM1 1.00 22 2 428028.87 2.89 -98.96 19.33 0.26 0.26 100.88 10834.33 19506689.88 0.0011845722 7.95 227735611164673915748352.00
GM1 1.00 23 2 380050.00 10.37 -103.63 19.56 0.49 0.42 105.97 11937.31 13920437.26 0.0002625472 1.82 354896243779990762553344.00
GM1 1.00 24 6 1140508.66 8.98 -103.85 19.27 1.15 0.71 106.01 10783.34 17515190.41 0.0008903173 5.88 246878480934451657310208.00
GM1 1.00 25 8 1738206.17 3.31 -102.86 21.72 1.44 0.77 105.18 10957.52 18499697.82 0.0012028637 10.12 264098344109717858549760.00
GM1 1.00 26 3 600175.52 5.21 -103.27 22.85 0.86 0.66 105.90 35535.95 27670138.00 0.0001848161 10.89 1486700546251604124237824.00
GM1 1.00 27 10 2071818.51 9.37 -88.86 13.16 0.93 0.68 90.32 13374.77 10580506.26 0.0000805370 9.35 530357988465858060484608.00
GM1 1.00 28 15 3122685.55 14.83 -93.98 15.55 1.36 0.79 96.41 11451.28 15423396.06 0.0004929188 7.24 308323359061917824974848.00
GM1 1.00 29 5 1093229.98 10.81 -105.03 15.79 0.75 0.60 106.76 10582.26 17769450.80 0.0009937098 7.82 234731453034121601744896.00
GM1 1.00 30 4 849541.25 10.00 -99.26 14.94 0.65 0.50 100.88 11355.90 15249061.73 0.0004865679 5.00 307483342480108477743104.00
GM1 1.00 31 2 432707.05 11.81 -103.46 16.37 0.48 0.47 105.41 11601.47 13421947.24 0.0002809314 1.79 349705495655507734560768.00
GM1 1.00 32 2 445846.17 12.24 -102.29 13.63 0.45 0.45 103.91 12953.93 10588413.44 0.0000880005 9.08 497004953339640626020352.00
GM1 1.00 33 4 864293.50 12.01 -104.30 14.36 1.04 0.76 105.97 11979.98 13037848.41 0.0002677835 6.58 384195497661624636932096.00
GM1 1.00 34 3 593646.82 11.23 -102.33 14.92 0.74 0.47 104.02 12329.29 12290294.70 0.0001793078 6.75 417468641549011065503744.00
GM1 1.00 35 2 363703.66 4.96 -109.20 19.56 0.58 0.50 111.05 9661.44 29913902.84 0.0049661445 5.09 126309473537638835159040.00
GM1 1.00 36 2 438825.88 10.12 -100.67 18.90 0.49 0.49 102.93 10847.81 17274427.20 0.0010371528 6.99 267449664478202327728128.00
GM1 1.00 37 12 2482116.61 4.20 -92.25 17.58 1.50 0.74 94.01 10782.24 17930002.30 0.0009856107 6.14 244090608180365522632704.00
GM1 1.00 38 3 636989.24 1.79 -105.48 18.44 0.66 0.49 107.09 10537.86 19494470.67 0.0012988750 6.03 218244748926937097830400.00
GM1 1.00 39 5 1008913.54 10.48 -104.88 18.03 1.15 0.77 106.93 11143.03 15463861.20 0.0005568211 10.51 292825113233250725134336.00
GM1 1.00 40 106 21601554.67 8.09 -95.66 10.82 6.58 3.40 96.61 10617.20 20318519.83 0.0017108040 11.53 228169329264781065977856.00
GM1 1.00 41 3 638762.41 1.85 -102.39 17.05 0.58 0.39 103.81 10365.29 19807267.17 0.0013901153 6.27 207269253099535974006784.00
GM1 1.00 42 21 4219464.58 5.45 -95.21 16.56 2.27 1.33 96.79 10781.60 18649229.97 0.0011158100 11.70 238772415915087542353920.00
GM1 1.00 43 2 431479.82 5.11 -95.69 17.42 0.49 0.49 97.40 11157.73 17831939.71 0.0008324961 9.69 258272390694080104890368.00
GM1 1.00 44 2 333230.92 12.11 -105.50 17.69 0.24 0.19 107.65 12437.89 9527872.29 0.0000768807 4.82 501235533836017846976512.00
GM1 1.00 45 3 638237.44 11.28 -90.32 18.51 0.25 0.23 92.89 10513.10 21873018.67 0.0017087582 3.46 197071050485699352461312.00
GM1 1.00 46 6 1290346.78 9.75 -109.15 17.33 1.30 0.86 110.95 10187.42 22145956.45 0.0021125732 8.76 187731872601712040607744.00
GM1 1.00 47 2 427404.27 9.43 -107.72 16.90 0.26 0.26 109.44 9955.40 24714310.56 0.0027309744 5.50 159502990427783186874368.00
GM1 1.00 48 4 772212.66 -18.53 -115.62 19.34 0.53 0.34 118.68 19032.11 3680946.46 0.0000022726 2.63 1952862811507178334060544.00
GM1 1.00 49 5 1067672.91 -15.25 -112.11 18.40 0.67 0.39 114.63 16124.88 4575261.05 0.0000060907 5.14 1275554446741498604027904.00
GM1 1.00 50 2 451515.66 -17.23 -114.29 18.79 0.39 0.38 117.10 16475.84 4631437.58 0.0000058601 2.73 1309422028134480045146112.00
GM1 1.00 51 3 645779.02 6.96 -102.65 13.39 0.40 0.34 103.75 11999.13 12854008.46 0.0002007843 6.34 380597321117540326309888.00
GM1 1.00 52 3 646213.68 5.78 -105.86 15.63 0.76 0.62 107.17 11271.91 15990026.98 0.0005528620 2.84 289559793795258948517888.00
GM1 1.00 53 2 370179.72 7.09 -104.58 16.17 0.10 0.08 106.06 11494.77 14132850.61 0.0003197901 4.03 328462881180866934996992.00
GM1 1.00 54 3 602798.41 6.08 -109.47 15.15 0.79 0.56 110.68 12883.03 11498474.34 0.0001129745 7.77 465630455939167453970432.00
GM1 1.00 55 11 2340461.62 -6.56 -95.04 20.34 1.44 0.88 97.42 11187.04 16819282.04 0.0007371382 7.99 279196623464599765647360.00
GM1 1.00 56 16 3347639.74 -8.36 -94.01 18.96 1.46 1.02 96.26 10483.86 20098496.13 0.0015030503 8.07 216324726840597233532928.00
GM1 1.00 57 10 2078921.75 -5.78 -93.56 18.90 1.90 1.15 95.62 11481.86 15529898.13 0.0005835291 8.29 317477658833654164488192.00
GM1 1.00 58 2 363983.50 -1.55 -90.40 18.82 0.50 0.43 92.35 10940.90 17230836.05 0.0007895705 11.14 256179483159157639479296.00
GM1 1.00 59 5 1077667.73 -2.73 -92.13 17.94 0.85 0.68 93.90 11331.69 16003922.97 0.0005665803 10.81 294450331724947258343424.00
GM1 1.00 60 2 425605.25 -1.90 -92.67 16.73 0.18 0.18 94.19 10879.88 18941958.37 0.0010636970 0.92 235361692064074411540480.00
GM1 1.00 61 9 1927875.27 -1.51 -102.03 18.57 1.47 0.96 103.72 11348.92 15873597.61 0.0005768064 9.13 299165971124485781192704.00
GM1 1.00 62 16 3352754.56 -1.51 -109.43 18.09 2.03 1.21 110.92 9646.44 27611291.65 0.0047062811 7.03 139811268466220889800704.00
GM1 1.00 63 2 424175.36 -10.55 -94.53 18.36 0.28 0.28 96.87 12859.17 9322326.24 0.0000628839 4.12 538724993196865781497856.00
GM1 1.00 64 14 2971369.59 -1.02 -106.81 16.39 2.97 1.56 108.06 10591.86 20165119.20 0.0016026965 7.99 224806009611892585136128.00
GM1 1.00 65 2 375463.76 1.40 -105.25 16.73 0.25 0.22 106.58 10834.50 16973172.89 0.0007716346 1.15 255492926742312156921856.00
GM1 1.00 66 3 606676.44 0.71 -90.82 14.20 0.42 0.33 91.93 10434.05 19497821.30 0.0013403646 4.63 215353144798625967112192.00
GM1 1.00 67 3 648440.72 -2.44 -91.05 15.10 0.66 0.51 92.32 11601.76 15492049.99 0.0004180213 8.08 311848789158531346464768.00
GM1 1.00 68 14 2940357.26 -5.20 -89.97 14.81 1.60 0.83 91.33 11188.53 16607420.73 0.0007406982 8.76 284683162870475133026304.00
GM1 1.00 69 3 584309.73 13.09 -102.90 15.10 0.75 0.55 104.83 12780.71 10505332.80 0.0000996975 11.89 496254319554325884436480.00
GM1 1.00 70 6 1182952.94 10.34 -105.39 13.70 1.14 0.65 106.78 11196.88 15524440.76 0.0005130224 6.24 292482611324519331135488.00
GM1 1.00 71 2 426289.47 10.78 -106.64 15.33 0.08 0.08 108.28 10892.95 15933492.69 0.0005970165 1.32 271669289448942398865408.00
GM1 1.00 72 3 573741.21 -6.52 -88.87 16.13 0.61 0.36 90.56 13235.61 9941451.56 0.0000677221 4.10 540744956240657597333504.00
GM1 1.00 73 2 429002.49 -2.54 -92.73 15.46 0.26 0.26 94.05 11257.50 16166876.84 0.0005439214 9.19 285301395997299476267008.00
GM1 1.00 74 14 2726697.68 -0.24 -106.07 14.19 1.97 1.28 107.02 11054.47 15770624.34 0.0006373611 8.50 286095503400826801487872.00
GM1 1.00 75 2 431856.90 9.32 -107.60 15.36 0.49 0.49 109.08 11799.89 13264448.46 0.0002620960 5.71 364501119326758318899200.00
GM1 1.00 76 3 585453.58 0.57 -107.87 16.37 0.67 0.47 109.10 10806.65 16264731.45 0.0006763109 6.62 263171760795565089095680.00
GM1 1.00 77 3 657381.48 1.07 -103.52 15.83 0.65 0.53 104.72 10873.81 17012463.27 0.0007744521 4.82 256434837875268893278208.00
GM1 1.00 78 2 369702.74 2.13 -108.83 16.80 0.53 0.47 110.14 11166.96 15119426.12 0.0005527846 9.10 302028427528701367812096.00
GM1 1.00 79 13 2728894.27 1.08 -102.40 13.55 1.47 0.92 103.30 10431.31 20740788.77 0.0017219918 8.13 212259563747083569594368.00
GM1 1.00 80 9 1740049.16 0.48 -100.11 12.94 1.50 0.85 100.95 10354.33 21182691.75 0.0017337050 10.38 199833573229890791014400.00
GM1 1.00 81 2 428608.88 1.79 -108.05 14.28 0.24 0.23 109.01 13135.41 8670640.52 0.0000483259 3.00 585764823131388481896448.00
GM1 1.00 82 2 371543.31 -0.57 -103.63 14.64 0.56 0.47 104.66 11844.79 13184940.12 0.0002291285 6.84 364349724880838733070336.00
GM1 1.00 83 6 1306007.77 -2.41 -106.84 14.80 1.25 0.85 107.89 10620.82 18460775.80 0.0011882377 6.39 236457298264322721447936.00
GM1 1.00 84 6 1175396.50 -2.82 -97.70 14.67 1.58 0.96 98.83 11397.00 14801062.45 0.0004862368 7.62 318355619139120929964032.00
GM1 1.00 85 2 373419.95 -10.12 -138.01 27.81 0.42 0.37 141.15 37671.48 5641496.84 0.0000002595 5.76 4619795747350159764226048.00
GM1 1.00 86 8 1643329.31 -2.59 -110.65 12.34 1.52 1.04 111.37 11723.89 14059188.68 0.0003405738 5.14 346447181827166070374400.00
GM1 1.00 87 2 435892.73 -1.43 -108.50 13.87 0.45 0.45 109.39 10813.46 16445422.30 0.0007073155 3.37 260699738454720723812352.00
GM1 1.00 88 2 382118.82 -4.60 -109.45 15.13 0.43 0.37 110.58 12341.32 11777395.65 0.0001471752 5.53 426419562862906800340992.00
GM1 1.00 89 2 435181.00 -3.51 -108.12 15.03 0.45 0.45 109.21 10977.17 16871929.48 0.0007998603 3.97 267923307208194673082368.00
GM1 1.00 90 2 434015.69 -1.76 -111.90 13.56 0.45 0.45 112.73 12241.59 12788393.88 0.0002002323 8.20 398483706739864457183232.00
GM1 1.00 91 3 600236.40 -9.80 -142.53 20.90 0.18 0.13 144.39 15501.98 10895166.86 0.0000501445 8.46 661868998442172519809024.00
GM1 1.00 92 2 447653.85 -10.11 -143.29 19.84 0.35 0.34 145.01 22920.03 8578356.06 0.0000068173 5.08 1508558287169916472655872.00
GM1 1.00 93 2 428006.04 6.57 -101.34 12.57 0.21 0.21 102.32 12945.15 11753776.36 0.0001177812 8.56 461964885993909976563712.00
GM1 1.00 94 11 2166864.33 3.83 -99.33 12.60 1.76 1.14 100.20 11886.91 13673516.88 0.0002770524 8.90 361024341109253072748544.00
GM1 1.00 95 3 608442.10 1.14 -100.92 11.45 0.50 0.40 101.58 12075.49 14548265.54 0.0003481757 10.07 358259200564498339463168.00
GM1 1.00 96 2 433064.26 15.43 -64.61 10.30 0.45 0.44 67.22 13129.19 14291446.78 0.0002202723 6.48 415049644685185077215232.00
GM1 1.00 97 8 1697485.86 3.07 -65.32 10.62 1.29 0.91 66.25 14917.98 8145764.78 0.0000277862 10.05 759876735448253850451968.00
GM1 1.00 98 3 641673.37 9.24 -68.31 10.49 0.36 0.27 69.72 15283.58 6764580.71 0.0000167681 6.16 897599412692238920056832.00
GM1 1.00 99 2 430172.06 0.75 -90.96 13.01 0.39 0.39 91.89 10429.17 18988570.61 0.0012556218 11.38 217660864416046882226176.00
GM1 1.00 100 74 14777654.58 17.66 -76.72 13.25 4.08 2.14 79.84 9891.12 28549540.19 0.0056693394 14.08 157535759559979301863424.00
GM1 1.00 101 17 3481447.88 16.34 -71.20 13.84 1.57 0.85 74.35 10559.12 19905006.91 0.0014376169 8.72 218675679287047907966976.00
GM1 1.00 102 10 1975779.94 10.27 -74.06 13.44 1.28 0.83 75.97 13127.31 11595238.44 0.0001189056 9.61 485275235571367690633216.00
GM1 1.00 103 17 3636908.42 0.56 -69.35 10.75 0.90 0.35 70.18 10138.90 24078270.27 0.0024329894 4.38 170343538137103469641728.00
GM1 1.00 104 8 1657081.62 11.92 -99.63 12.11 1.41 0.86 101.06 11925.23 13624706.57 0.0002945612 8.67 365593649356002792833024.00
GM1 1.00 105 4 733626.08 9.47 -107.51 13.04 1.02 0.64 108.71 16009.64 12814169.76 0.0001087315 10.02 646457520565643225595904.00
GM1 1.00 106 2 436223.70 14.12 -97.77 11.33 0.21 0.20 99.43 15118.09 6701415.54 0.0000169829 4.11 883698867297874960449536.00
GM1 1.00 107 3 656418.61 4.38 -96.54 9.90 0.69 0.57 97.14 11932.98 13381219.30 0.0002439821 8.36 366728898057452881182720.00
GM1 1.00 108 2 437115.70 14.03 -94.96 10.47 0.32 0.31 96.56 13502.48 9554393.38 0.0000615672 8.98 579221695649555618463744.00
GM1 1.00 109 2 435173.98 10.52 -105.45 11.89 0.41 0.41 106.63 13684.71 9535429.67 0.0000544012 11.59 587830723899850481467392.00
GM1 1.00 110 2 435133.91 10.46 -107.98 10.78 0.22 0.22 109.02 15656.80 6966340.85 0.0000165946 1.93 914252040942887647576064.00
GM1 1.00 111 16 3348154.91 -23.05 -85.61 9.59 1.94 1.18 89.18 11262.84 16525729.09 0.0007455497 10.52 292248268537056917979136.00
GM1 1.00 112 4 796001.20 -12.44 -85.79 2.79 0.67 0.55 86.73 12060.37 11940783.38 0.0001660399 6.26 407888710601633016315904.00
GM1 1.00 113 6 1212752.86 -11.26 -84.32 4.15 1.18 0.80 85.17 12506.17 12118816.02 0.0001626414 10.17 433374874733180136456192.00
GM1 1.00 114 2 424572.60 -12.11 -83.11 5.05 0.37 0.37 84.14 13447.52 9360856.39 0.0000545247 7.60 578235633118922865115136.00
GM1 1.00 115 7 1427749.68 -16.46 -64.13 10.18 1.02 0.63 66.98 14387.52 8437342.60 0.0000340832 7.60 699896015902945797210112.00
GM1 1.00 116 4 848527.39 -12.63 -86.26 4.87 0.74 0.56 87.32 11451.47 14071763.79 0.0003253701 3.71 329619041656049841995776.00
GM1 1.00 117 2 428954.75 -12.86 -84.38 5.91 0.49 0.48 85.56 12650.58 10277865.33 0.0000917083 4.85 492580057430045776412672.00
GM1 1.00 118 13 2778755.09 -13.44 -87.73 3.06 1.92 1.06 88.81 12111.36 11983788.35 0.0001834737 5.45 417244806473422116749312.00
GM1 1.00 119 3 636283.47 -20.25 -85.53 9.07 0.86 0.62 88.36 13369.82 9727893.26 0.0000663124 5.20 566317561152316928688128.00
GM1 1.00 120 3 636279.30 -22.03 -84.37 8.94 0.56 0.41 87.66 10947.35 17583076.21 0.0008324906 5.37 254265014359669048606720.00
GM1 1.00 121 14 2934618.17 -20.04 -82.30 8.45 1.64 0.92 85.13 12089.04 13128335.32 0.0002502635 10.01 392653876789321601646592.00
GM1 1.00 122 3 636291.33 -25.14 -82.75 8.81 0.60 0.41 86.93 14900.74 7260770.00 0.0000215215 11.23 822560206148237034258432.00
GM1 1.00 123 2 424195.64 -24.14 -84.42 7.96 0.46 0.46 88.17 12728.35 10347421.26 0.0000941567 4.38 498181294937175807229952.00
GM1 1.00 124 16 3432118.33 2.44 -86.24 6.05 1.01 0.56 86.49 11385.90 14942942.28 0.0004045600 6.78 309166064021698919792640.00
GM1 1.00 125 2 435073.78 1.24 -86.91 6.98 0.23 0.23 87.20 12644.24 11162222.50 0.0001140320 2.10 460732924100000027246592.00
GM1 1.00 126 2 446568.70 0.93 -90.66 9.79 0.42 0.41 91.19 12620.38 11179335.20 0.0001476634 6.87 475342833319613139255296.00
GM1 1.00 127 2 444511.24 -0.20 -102.53 11.29 0.47 0.47 103.15 12712.41 10871907.00 0.0001043121 6.27 474679221418216973664256.00
GM1 1.00 128 42 8737595.90 0.73 -83.83 15.14 3.01 1.61 85.19 10402.98 22096953.92 0.0022185686 9.20 205642501581190790643712.00
GM1 1.00 129 14 2902051.11 2.41 -78.31 2.10 1.50 0.97 78.37 12972.85 10958785.45 0.0001098564 8.99 495439686911807534923776.00
GM1 1.00 130 3 580728.63 9.63 -75.66 -0.65 0.79 0.58 76.28 29933.64 6763845.71 0.0000018883 10.44 2771634308847327080611840.00
GM1 1.00 131 5 1063269.68 5.72 -71.06 -5.44 0.80 0.48 71.49 18251.99 5667089.68 0.0000064978 13.70 1360843584435515369193472.00
GM1 1.00 132 7 1502624.86 4.65 -65.24 4.20 0.83 0.36 65.54 14142.38 9623350.97 0.0000501096 6.86 620314574653450128195584.00
GM1 1.00 133 3 585582.83 1.81 -81.43 2.89 0.65 0.51 81.51 15031.07 7708182.29 0.0000249884 8.89 802065056028103899348992.00
GM1 1.00 134 10 2120944.13 -31.67 -60.78 -22.50 1.11 0.44 72.13 14680.25 8735531.80 0.0000343237 6.99 707322734008690584584192.00
GM1 1.00 135 2 427806.73 -41.22 -57.44 -21.04 0.34 0.34 73.77 20848.26 4185314.26 0.0000021626 0.94 2094533699280384357826560.00
GM1 1.00 136 14 2868985.96 -4.51 -27.25 -7.44 0.48 0.29 28.61 10470.83 33326806.90 0.0051943506 6.70 134124398570202411827200.00
GM1 1.00 137 2 424271.21 -52.08 -36.93 -15.55 0.41 0.41 65.71 23744.55 4573450.32 0.0000016386 4.71 2454594136862285530923008.00
GM1 1.00 138 13 2766362.95 -21.33 -45.25 -5.60 1.14 0.50 50.34 11983.12 17517372.97 0.0005672076 9.61 301229812041425493164032.00
GM1 1.00 139 15 3022067.97 -33.83 -58.90 -6.40 1.48 0.71 68.23 13080.10 10856024.74 0.0000927627 8.84 500699779589757552558080.00
GM1 1.00 140 7 1497272.66 0.69 -26.40 -10.24 0.41 0.26 28.33 11360.40 20680666.76 0.0011731717 7.76 237285798276872328445952.00
GM1 1.00 141 14 2937697.39 0.85 -26.57 -6.49 0.88 0.53 27.37 10854.20 30258037.46 0.0037109964 9.30 159165643376084593410048.00
GM1 1.00 142 3 670066.94 0.61 -27.45 -16.28 0.13 0.09 31.92 14915.12 15036884.44 0.0001444164 3.04 492628009591283252199424.00
GM1 1.00 143 6 1277439.43 -7.28 -30.50 -14.29 0.49 0.26 34.46 12661.45 17123640.49 0.0004050123 7.71 337634105865428600356864.00
GM1 1.00 144 2 429981.16 -26.93 -10.18 -16.73 0.12 0.12 33.30 16106.18 13221008.13 0.0000734303 0.55 617556953985504073744384.00
GM1 1.00 145 6 1212827.71 -15.93 -14.62 -9.08 0.23 0.14 23.45 12627.88 21538985.87 0.0009266243 11.20 278628944891048829648896.00
GM1 1.00 146 6 1221303.12 -30.57 -17.79 -15.30 0.79 0.57 38.54 12752.45 14280303.40 0.0002244902 8.61 392700637291947308875776.00
GM1 1.00 147 3 642288.82 -32.12 -18.43 -7.35 0.39 0.28 37.76 16885.71 10409285.08 0.0000322360 9.08 791739859208374295986176.00
GM1 1.00 148 3 578439.32 -25.39 -21.93 -11.77 0.32 0.25 35.55 15221.25 11572500.63 0.0000628205 8.28 616253049501696726663168.00
GM1 1.00 149 22 4665975.16 -15.85 -22.81 -17.99 0.11 0.05 33.09 9611.19 78326636.30 0.0277754758 1.49 55528203648343558062080.00
GM1 1.00 150 2 427034.87 -30.86 -24.55 -17.08 0.34 0.34 42.98 17156.97 7895357.35 0.0000164726 6.85 979741377587641675939840.00
GM1 1.00 151 6 1277176.44 -71.50 -27.97 -40.34 0.86 0.46 86.73 17865.44 5169195.86 0.0000056857 6.32 1402692759657277181394944.00
GM1 1.00 152 16 3332157.59 -13.46 -44.81 -8.63 1.51 0.62 47.58 11234.45 21859676.62 0.0014689966 12.67 227248655873976844681216.00
GM1 1.00 153 2 425028.43 -13.12 -46.52 -7.64 0.35 0.35 48.94 15821.50 13164317.00 0.0000778243 21.65 601991031618364061515776.00
GM1 1.00 154 2 431408.23 -5.62 -34.84 -16.52 0.27 0.27 38.96 16143.73 9761852.74 0.0000325548 2.38 763780549998449013030912.00
GM1 1.00 155 6 1219087.17 -7.63 -42.92 -19.17 0.89 0.59 47.62 15034.82 11582022.56 0.0000673401 14.00 603731113841863166001152.00
GM1 1.00 157 6 1279506.49 -13.80 -43.80 -13.26 0.62 0.40 47.80 14870.12 10795411.64 0.0000563952 8.48 621766256690699228413952.00
GM1 1.00 158 35 7178474.11 10.23 -60.37 6.32 2.92 1.96 61.55 10754.83 21304199.16 0.0016796624 11.62 216200341670757633359872.00
GM1 1.00 159 2 424591.07 14.04 -59.99 6.36 0.17 0.17 61.93 13548.71 11015945.17 0.0000829928 5.99 523056583287746387247104.00
GM1 1.00 160 5 1011440.81 13.70 -47.58 4.11 0.44 0.33 49.68 14422.55 10675669.56 0.0000617057 9.16 594539252190396534489088.00
GM1 1.00 161 10 2084192.78 12.10 -27.94 1.30 0.46 0.27 30.47 11152.14 23887506.11 0.0018020650 9.40 203730192494160601153536.00
GM1 1.00 162 2 302537.72 13.37 -53.95 2.55 0.24 0.17 55.64 18258.17 6890608.67 0.0000100092 3.27 1190115132068698337050624.00
GM1 1.00 163 7 1426199.64 10.92 -42.37 3.11 0.68 0.34 43.87 12686.65 13419861.53 0.0001883834 5.07 406195495476912719921152.00
GM1 1.00 164 48 9716349.54 15.42 -56.96 8.92 3.16 1.45 59.68 9417.84 38121474.32 0.0103401082 11.50 103826772517894309806080.00
GM1 1.00 165 3 662464.02 11.16 -37.10 -0.64 0.07 0.06 38.75 14844.14 10989101.54 0.0000607930 1.96 608811522667679735349248.00
GM1 1.00 166 16 3307234.09 11.53 -29.47 -5.41 0.80 0.46 32.10 10493.72 30968534.27 0.0042673202 11.61 144487330816833722777600.00
GM1 1.00 167 22 4151942.92 -14.40 -1.28 8.93 0.60 0.25 16.99 12073.48 124862649.93 0.0382895277 19.48 58673976405822233640960.00
GM1 1.00 168 22 4334794.71 -18.66 -2.92 10.89 1.40 0.72 21.80 11548.46 49246822.39 0.0106177239 26.21 115493447322138836992000.00
GM1 1.00 169 18 3591735.76 -17.55 2.51 2.95 0.83 0.47 17.97 11118.76 63570383.72 0.0170035754 21.06 84911741233736735260672.00
GM1 1.00 170 2 370172.65 -0.67 -102.34 12.53 0.36 0.31 103.10 11596.07 14238761.55 0.0003139443 5.16 332047403081348436459520.00
GM1 1.00 171 7 1485012.69 -26.52 -90.57 4.40 1.53 0.74 94.48 11375.09 15220113.11 0.0004766846 8.63 309703840617302662840320.00
GM1 1.00 172 17 3566692.70 -26.72 -89.70 2.64 1.22 0.49 93.63 10482.70 20267890.32 0.0014793449 3.56 213096440165879626334208.00
GM1 1.00 173 6 1266561.70 -2.35 -107.16 20.84 1.05 0.82 109.19 12919.75 10936896.34 0.0001587427 6.77 515094254163694364655616.00
GM1 1.00 174 3 595669.78 -1.52 -109.31 15.91 0.83 0.58 110.48 10251.92 21104367.38 0.0017049981 8.10 192632979217471642796032.00
GM1 1.00 175 20 4169047.94 -2.87 -74.83 10.47 1.67 0.63 75.61 10668.56 18890514.16 0.0011865629 7.37 233755937512687358967808.00
GM1 1.00 176 4 805341.91 -1.63 -107.96 12.22 0.89 0.68 108.66 11589.71 13509266.38 0.0003361972 3.13 355399744253845827485696.00
GM1 1.00 177 2 428957.14 -2.64 -105.82 13.18 0.34 0.34 106.67 11889.16 13408371.66 0.0002611464 6.35 365400101488935575748608.00
GM1 1.00 178 2 432454.49 -0.64 -100.17 10.73 0.43 0.43 100.74 12592.88 10451196.98 0.0001111015 6.70 489445588539759136866304.00
GM1 1.00 179 3 645470.98 -1.35 -92.92 11.85 0.64 0.54 93.68 11578.30 14711400.51 0.0003586672 9.72 323178470697535709118464.00
GM1 1.00 180 2 425964.88 -19.13 -85.57 -6.05 0.31 0.30 87.89 12198.95 12449749.95 0.0001753812 2.87 402783978121162227974144.00
GM1 1.00 181 2 424715.19 -20.18 -85.02 -7.34 0.40 0.40 87.69 14439.42 8702618.39 0.0000377508 3.10 692643652011583086788608.00
GM1 1.00 182 2 424176.55 -19.65 -85.24 -4.64 0.06 0.06 87.60 12629.65 11682629.05 0.0001246333 0.45 445863804786159443247104.00
GM1 1.00 183 3 636364.72 -17.28 -86.89 -7.02 0.54 0.50 88.86 14811.93 7465100.26 0.0000227658 8.88 796814646936836279107584.00
GM1 1.00 184 9 1849168.68 -19.87 -87.07 -5.92 1.41 0.93 89.50 11648.89 14223385.58 0.0003643223 8.31 342536463398468172382208.00
GM1 1.00 185 6 1272556.11 -18.89 -78.09 -20.09 0.87 0.53 82.81 19055.24 6678473.67 0.0000080291 6.59 1312809064661425758142464.00
GM1 1.00 186 15 3137309.52 -25.03 -75.15 1.75 1.91 0.53 79.22 12644.89 11670495.60 0.0001391892 5.10 457724555381551593947136.00
GM1 1.00 187 3 636273.05 -24.26 -81.88 1.00 0.42 0.35 85.41 14716.25 8032838.75 0.0000293339 4.87 758591746298333796237312.00
GM1 1.00 188 6 1277886.90 -30.81 -76.65 -2.28 0.97 0.77 82.64 15767.33 6223035.03 0.0000126431 9.36 1002308055463954426626048.00
GM1 1.00 189 3 638190.97 -29.60 -78.71 0.43 0.64 0.49 84.10 16780.94 5432984.43 0.0000076994 5.65 1221960753115526500188160.00
GM1 1.00 190 2 424189.21 -29.86 -78.10 -0.95 0.44 0.44 83.62 15644.68 6121266.79 0.0000124321 3.95 1001796164972054417768448.00
GM1 1.00 191 3 515234.57 -24.73 -83.56 -5.39 0.97 0.68 87.31 13977.74 7749487.32 0.0000321579 9.17 713346016986975881396224.00
GM1 1.00 192 3 636271.86 -20.44 -86.50 -1.10 0.73 0.60 88.89 13285.52 10544159.03 0.0000801811 7.09 524760301537422114553856.00
GM1 1.00 193 2 424176.89 -19.65 -85.85 -2.04 0.25 0.25 88.09 13028.58 11096757.66 0.0000985453 7.27 488914545909348215816192.00
GM1 1.00 194 8 1701675.66 -20.14 -88.44 -4.19 1.34 0.75 90.80 11921.19 12654327.16 0.0002032603 6.23 383394806952067912957952.00
GM1 1.00 195 2 431371.52 -11.66 -86.71 6.36 0.37 0.36 87.72 13788.71 9109515.41 0.0000463897 2.06 616206251742953876750336.00
GM1 1.00 196 2 424239.70 -23.14 -82.83 10.00 0.43 0.43 86.58 15354.85 8557850.97 0.0000280644 23.08 771696514738767622307840.00
GM1 1.00 197 6 1276393.04 -22.01 -86.77 8.10 1.20 0.79 89.88 12230.82 13572552.66 0.0003513399 11.36 403710920760465523998720.00
GM1 1.00 198 2 424175.52 -18.32 -86.99 -5.21 0.25 0.25 89.05 13143.98 11424113.65 0.0001015242 3.95 485095678027861436923904.00
GM1 1.00 199 2 424180.46 -20.84 -89.92 -4.39 0.29 0.29 92.41 14307.08 7325885.32 0.0000267499 2.34 776862624546077785718784.00
GM1 1.00 200 32 6895516.90 14.23 -13.97 7.86 2.50 1.12 21.44 10560.51 50309944.01 0.0136840836 21.03 113455339142193260527616.00
GM1 1.00 201 8 1718010.43 12.69 -3.30 8.01 0.41 0.27 15.36 11499.11 49078844.03 0.0108045034 9.98 110249096726679467851776.00
GM1 1.00 202 84 17152973.09 15.21 -30.33 10.42 5.29 2.73 35.49 11231.56 49636613.40 0.0120999130 18.74 129514806691566618411008.00
GM1 1.00 203 2 433630.21 13.39 6.20 9.38 0.04 0.04 17.49 12367.46 31767014.31 0.0026876355 3.93 193936211335791752773632.00
GM1 1.00 204 30 6280501.62 13.88 -23.50 8.81 1.19 0.53 28.68 9532.60 135314648.56 0.0547469406 9.34 41377288850932741701632.00
GM1 1.00 205 12 2359525.94 10.64 -14.97 12.82 0.86 0.63 22.40 11976.91 29134033.35 0.0024420020 12.36 197010118666604215533568.00
GM1 1.00 206 3 584487.74 -1.13 -111.26 11.37 0.59 0.48 111.85 13136.79 10407056.45 0.0000887319 11.06 522559082674958989524992.00
GM1 1.00 207 17 3621280.49 1.63 -56.00 6.98 2.20 0.86 56.46 12219.79 16402928.41 0.0005335865 13.71 340556943747373284196352.00
GM1 1.00 208 15 3181435.16 14.93 -66.34 3.79 1.49 0.70 68.11 11544.76 15401867.11 0.0004757961 6.98 314947299422180806230016.00
GM1 1.00 209 2 424679.02 15.19 -62.99 6.51 0.06 0.06 65.12 16786.43 6099048.92 0.0000099511 5.97 1124911601959879131004928.00
GM1 1.00 210 2 425064.35 -26.18 -83.56 -4.95 0.40 0.40 87.71 11991.74 12559296.59 0.0001863765 6.63 387286015908394085384192.00
GM1 1.00 211 2 390182.14 0.45 -103.03 -4.74 0.23 0.19 103.14 34905.20 2968303.63 0.0000001445 1.62 6241054197557955066331136.00
GM1 1.00 212 2 438070.37 8.82 -103.35 4.83 0.43 0.42 103.84 18015.60 5697029.72 0.0000070169 7.52 1326955844514476126633984.00
GM1 1.00 213 10 1923822.17 15.18 -94.72 8.74 1.65 0.95 96.33 11135.22 16438397.93 0.0007033599 10.48 279265025933179283832832.00
GM1 1.00 214 3 592662.55 13.81 -96.18 9.00 0.84 0.61 97.58 12673.85 10136874.15 0.0000919471 9.31 499052154400018664521728.00
GM1 1.00 215 4 818325.14 12.47 -98.69 9.80 0.61 0.46 99.96 12705.33 10207606.22 0.0000850435 9.22 493199222944771589799936.00
GM1 1.00 216 2 424393.40 9.07 -69.86 10.85 0.37 0.37 71.28 15413.12 6593417.42 0.0000153450 9.14 926835135374761018785792.00
GM1 1.00 217 7 1374393.90 14.07 -66.54 9.60 1.18 0.60 68.69 13195.63 12522106.57 0.0001341713 10.73 457561915988464656973824.00
GM1 1.00 218 58 11620178.96 16.39 -63.33 13.32 3.00 1.52 66.76 9640.09 32920675.59 0.0075114595 14.17 125918929174879793053696.00
GM1 1.00 219 4 852976.72 10.08 -73.10 11.65 0.85 0.63 74.71 13857.89 9991816.58 0.0000646955 6.27 592810051607596407717888.00
GM1 1.00 220 29 5762961.30 15.91 -91.35 8.59 3.13 1.65 93.12 11239.32 16604671.29 0.0008220135 8.56 296580489337798226083840.00
GM1 1.00 221 2 375190.59 14.38 -92.01 6.86 0.44 0.39 93.38 12747.75 12463484.77 0.0002035849 7.06 447480289601090857467904.00
GM1 1.00 222 2 425452.35 5.78 -92.04 6.49 0.34 0.34 92.45 11040.36 16619367.05 0.0007195724 10.74 270204938101425589714944.00
GM1 1.00 223 6 1175686.10 11.65 -99.29 7.54 0.85 0.65 100.26 12092.25 11990986.99 0.0001655975 8.45 405711917166071874846720.00
GM1 1.00 224 4 884104.35 14.50 -94.18 7.25 0.68 0.55 95.57 11281.65 16342933.28 0.0007108842 8.58 290654601007542822764544.00
GM1 1.00 225 2 367843.70 13.28 -94.13 6.31 0.22 0.19 95.28 14130.02 8110411.07 0.0000320944 4.73 692561183973361785503744.00
GM1 1.00 226 2 377660.84 13.83 -97.06 6.47 0.43 0.36 98.26 15426.89 7444913.82 0.0000205587 7.71 853987519435768856576000.00
GM1 1.00 227 25 4957319.94 14.55 -48.15 14.08 1.69 0.87 52.23 9943.53 30927619.49 0.0060181083 12.03 135104106118446806204416.00
GM1 1.00 228 4 853793.96 15.41 -1.96 10.03 0.22 0.17 18.50 12026.71 30988635.00 0.0027694799 13.83 187929066551155504447488.00
GM1 1.00 229 2 372627.13 14.16 -10.66 14.64 0.29 0.25 22.99 15354.39 15140942.70 0.0001321841 2.53 515045169879487575228416.00
GM1 1.00 230 2 426894.84 14.66 -6.24 11.10 0.20 0.20 19.42 13113.05 20291476.63 0.0006692595 7.29 312087729098826807508992.00
GM1 1.00 231 7 1161593.44 14.51 -32.71 16.61 0.87 0.60 39.45 42424.53 27795182.47 0.0000215158 6.25 1931435914516330557997056.00
GM1 1.00 232 2 433822.81 11.18 0.37 12.90 0.13 0.13 17.08 13530.39 27274603.66 0.0013576301 2.80 260598654943415786012672.00
GM1 1.00 233 74 14807335.96 14.82 -55.80 14.58 3.16 1.72 59.55 9634.24 34153590.02 0.0082302179 14.11 122533420819967220121600.00
GM1 1.00 234 4 850785.98 11.78 -59.55 -3.92 0.37 0.24 60.83 17871.63 6888219.31 0.0000106947 5.91 1150119170619598994145280.00
GM1 1.00 235 145 29616520.00 13.28 -62.33 16.24 4.49 2.25 65.76 9371.53 39154197.17 0.0114744595 13.91 112989984604557393526784.00
GM1 1.00 236 20 4099042.44 -1.59 -23.51 -3.89 1.87 0.70 23.88 10862.65 38166849.38 0.0081373674 13.14 138652557002729605562368.00
GM1 1.00 237 11 2334558.99 -45.19 -55.73 -9.93 1.65 0.64 72.44 13451.34 10146549.40 0.0000719120 6.70 554398619934059292262400.00
GM1 1.00 238 2 438528.38 -47.03 -33.34 -32.66 0.06 0.06 66.26 24296.06 5686641.12 0.0000022963 1.76 2198813828423666104270848.00
GM1 1.00 239 2 427597.97 -44.38 -49.49 -16.79 0.44 0.43 68.56 20391.57 5670320.77 0.0000045210 11.03 1644914414064575243616256.00
GM1 1.00 240 24 5110895.23 -21.98 -48.57 -2.27 1.92 1.01 53.36 10499.76 23665738.54 0.0022391917 13.97 188952529298380847841280.00
GM1 1.00 241 11 2338480.92 -6.21 -55.37 5.81 1.49 0.81 56.02 12235.49 15925363.21 0.0003928534 12.22 338078101448264964374528.00
GM1 1.00 242 9 1913937.60 -6.50 -40.45 3.75 0.76 0.36 41.15 13061.70 18152261.09 0.0004521024 10.12 341451170793911213883392.00
GM1 1.00 243 9 1916951.51 -27.15 -50.53 3.70 0.94 0.70 57.48 14052.50 11928240.01 0.0000925575 8.51 528377036073228518293504.00
GM1 1.00 244 19 4067216.21 -14.83 -60.80 5.59 1.00 0.39 62.83 10340.77 22910289.83 0.0020344410 6.76 184612371368812201639936.00
GM1 1.00 245 18 3628818.94 13.30 -44.58 13.06 1.80 0.90 48.32 10812.79 24555688.80 0.0023610348 13.89 194250188822750903140352.00
GM1 1.00 246 2 367834.46 11.14 -28.29 13.46 0.43 0.38 33.25 20159.55 10614053.53 0.0000176400 17.15 1049259156578837024735232.00
GM1 1.00 247 20 4287769.59 11.82 -75.65 19.33 2.29 1.05 78.97 10758.67 19130951.96 0.0012745511 8.78 239075040771661528825856.00
GM1 1.00 248 23 4712193.72 13.98 -69.12 17.68 2.38 1.21 72.70 10363.04 22061247.55 0.0019844108 8.77 193568058665965088407552.00
GM1 1.00 249 42 8506497.82 4.58 -65.40 17.02 2.72 1.51 67.73 10502.73 23597616.77 0.0031644036 10.98 205399294541383128317952.00
GM1 1.00 250 6 1108836.61 7.91 -38.78 23.17 0.82 0.37 45.86 27990.16 15192322.97 0.0000146414 8.32 1441956355448755172933632.00
GM1 1.00 251 3 591988.21 12.42 -77.26 17.78 0.42 0.35 80.24 13074.71 11824244.12 0.0001261917 7.52 471222933617400130568192.00
GM1 1.00 252 5 983039.39 11.88 -71.46 18.96 0.92 0.70 74.88 12507.36 11643803.54 0.0001722373 7.95 455031528024959851954176.00
GM1 1.00 253 13 2469527.76 8.00 -75.10 21.97 1.35 0.66 78.66 12764.94 12854861.72 0.0001738553 9.94 427246461133963042750464.00
GM1 1.00 254 24 4485684.63 6.84 -81.21 21.38 2.83 1.49 84.25 11951.60 14003101.69 0.0004024893 10.50 374762597830745118474240.00
GM1 1.00 255 15 2820696.67 -5.51 -25.93 20.42 1.23 0.67 33.46 12140.28 21182582.43 0.0010468005 17.89 264235987012769053409280.00
GM1 1.00 256 17 3282833.96 -8.75 -21.63 22.74 0.93 0.61 32.58 11751.91 25898140.04 0.0019418979 16.73 210697249868453131583488.00
GM1 1.00 257 8 1623094.48 3.65 -73.41 19.87 1.03 0.73 76.14 14920.48 8210591.41 0.0000281439 13.35 753480661805678341390336.00
GM1 1.00 258 30 6176932.96 8.48 -85.51 20.50 3.26 1.37 88.34 10516.15 22831249.29 0.0023951331 20.05 202699570396140197117952.00
GM1 1.00 259 6 1304073.03 9.68 -87.63 21.70 1.04 0.63 90.79 11584.33 15686034.15 0.0007277239 9.63 338263769421047937368064.00
GM1 1.00 260 2 448237.30 -3.61 -81.15 21.46 0.42 0.42 84.02 31805.86 14770490.97 0.0000034724 1.97 1809392432105520220864512.00
GM1 1.00 261 7 1442857.81 2.36 -81.89 22.12 1.13 0.75 84.85 13035.05 10460128.00 0.0000857894 7.14 508285779436052127154176.00
GM1 1.00 262 2 434914.58 0.18 -80.00 21.89 0.45 0.44 82.94 16623.20 6447358.64 0.0000118532 7.50 1063838778025360054288384.00
GM1 1.00 263 6 1310740.40 11.18 -100.88 6.64 1.51 1.07 101.72 12788.23 10240290.27 0.0000873934 12.45 500033160838094342062080.00
GM1 1.00 264 2 429671.38 9.21 -100.81 6.88 0.21 0.21 101.46 13854.98 8163662.25 0.0000362701 3.99 671041691148257570324480.00
GM1 1.00 265 5 1094487.90 10.88 -103.26 7.00 0.97 0.76 104.07 14954.62 9218049.99 0.0000497414 8.53 721987953976888195547136.00
GM1 1.00 266 8 1709323.01 9.93 -79.97 16.10 1.21 0.80 82.17 12807.12 12007168.94 0.0001380144 8.03 451217494765884697214976.00
GM1 1.00 267 2 369342.63 13.31 -71.32 19.32 0.44 0.38 75.08 12427.43 11751782.39 0.0001418333 9.52 431040803972805501648896.00
GM1 1.00 268 3 586843.81 12.17 -70.75 17.51 0.95 0.64 73.90 26908.58 22766807.59 0.0002851755 10.83 1074823869421508165107712.00
GM1 1.00 269 3 640483.78 11.07 -54.31 11.30 0.22 0.16 56.57 17877.40 8037776.30 0.0000151968 6.29 1034659649703491150020608.00
GM1 1.00 270 7 1244992.92 -1.16 -32.83 41.38 0.85 0.63 52.84 14475.76 12695717.80 0.0001049096 18.48 532008151275724473368576.00
GM1 1.00 271 2 437178.41 0.02 -31.92 40.75 0.50 0.50 51.77 16520.53 10259247.89 0.0000341484 15.57 767148550095389451091968.00
GM1 1.00 272 2 371426.06 -1.96 -30.61 37.81 0.42 0.37 48.69 18561.12 9888315.43 0.0000201908 14.37 959027254090831883141120.00
GM1 1.00 273 21 4067791.12 -0.13 -33.28 36.28 1.62 0.98 49.24 12306.38 18627011.66 0.0007797389 22.85 306486420107768904024064.00
GM1 1.00 274 25 5334379.94 -3.65 -78.98 18.93 3.14 1.50 81.30 11327.91 16183684.28 0.0006552983 10.69 297375955725753077727232.00
GM1 1.00 275 5 985197.04 4.46 -86.63 22.84 0.76 0.44 89.70 16006.82 7809870.59 0.0000200426 8.45 877451415408885498904576.00
GM1 1.00 276 2 426636.71 1.49 -84.85 23.33 0.10 0.10 88.02 16903.84 6820173.04 0.0000125572 4.76 1052214846624104397668352.00
GM1 1.00 277 2 368901.65 1.41 -86.68 23.81 0.23 0.20 89.90 19024.66 6361055.11 0.0000073705 4.73 1348504352993687654891520.00
GM1 1.00 278 2 433904.07 5.77 -84.93 19.43 0.43 0.42 87.32 15691.16 9034131.38 0.0000298331 13.26 768861057712778352001024.00
GM1 1.00 279 2 433309.50 12.79 -34.34 45.30 0.33 0.32 58.27 37706.49 11562276.48 0.0000021281 3.18 2848697614943938662105088.00
GM1 1.00 280 2 435865.61 -1.18 -34.02 42.26 0.13 0.13 54.26 15172.70 12372524.46 0.0000775891 17.94 583560617010311754416128.00
GM1 1.00 281 2 335264.95 13.98 -34.25 47.18 0.23 0.22 59.95 22700.03 7187873.00 0.0000048711 0.61 1670414382841650453938176.00
GM1 1.00 282 8 1696788.10 -14.44 -67.25 16.63 1.60 0.84 70.76 15272.56 8374117.39 0.0000307339 10.45 791625812849629606182912.00
GM1 1.00 283 49 10339834.34 -7.27 -68.06 16.39 3.11 1.66 70.38 10255.68 26418239.72 0.0049877510 10.36 193635358801446144311296.00
GM1 1.00 284 4 854601.34 14.00 -66.02 15.99 0.71 0.47 69.35 10566.49 19930663.06 0.0013634422 11.92 214672232855072017481728.00
GM1 1.00 285 2 426700.30 -29.52 -52.63 -26.57 0.30 0.30 65.94 20366.40 4496548.26 0.0000027674 1.74 1922497461848864855162880.00
GM1 1.00 286 3 665859.93 -44.25 -55.54 -8.87 0.69 0.53 71.57 14286.37 8905592.31 0.0000387147 6.81 664048910250273325187072.00
GM1 1.00 287 2 424182.14 -12.45 -67.03 14.37 0.48 0.48 69.67 16238.33 7291003.89 0.0000163018 13.80 943803756812926843879424.00
GM1 1.00 288 38 7821342.05 0.05 -71.72 15.81 2.33 1.51 73.44 10519.67 21900908.09 0.0020449801 9.38 208697738097015132258304.00
GM1 1.00 289 2 431021.40 -2.79 -72.41 17.84 0.21 0.21 74.62 16509.91 8129799.19 0.0000208119 5.09 911520191327717034033152.00
GM1 1.00 290 2 368047.67 -29.09 -87.59 -4.62 0.12 0.10 92.41 13093.82 9309472.22 0.0000604945 2.67 558372901095815541424128.00
GM1 1.00 291 5 1062508.94 -5.46 -86.60 16.33 0.71 0.40 88.29 13953.57 8213158.96 0.0000350946 5.61 677553348639731721699328.00
GM1 1.00 292 114 23594094.27 17.77 -44.99 11.11 4.92 2.92 49.63 9133.16 72614441.22 0.0284604241 22.18 76924587626611173490688.00
GM1 1.00 293 5 1022336.14 19.36 -53.95 7.39 0.87 0.65 57.79 22009.59 16010419.91 0.0000552618 13.65 924216134020844184666112.00
GM1 1.00 294 9 1835792.65 18.38 -52.42 11.04 1.15 0.52 56.64 11318.61 19982368.79 0.0011444843 10.21 245641840738503053279232.00
GM1 1.00 295 3 648763.85 19.39 -41.48 5.24 0.28 0.22 46.08 14313.53 10768827.98 0.0000652042 7.90 581092193914054022004736.00
GM1 1.00 296 4 814084.73 18.28 -46.98 7.07 0.48 0.35 50.90 13189.16 12318266.18 0.0001276381 9.74 459723378259653298225152.00
GM1 1.00 297 4 756402.19 19.31 -53.63 1.86 0.96 0.61 57.03 15946.91 8227685.34 0.0000229529 11.18 840674705237198277443584.00
GM1 1.00 298 22 4149491.61 19.68 -59.81 7.05 2.13 0.90 63.36 10803.22 22054775.43 0.0019935396 11.47 222000607025315587293184.00
GM1 1.00 299 6 1266045.70 19.36 -69.58 9.17 0.83 0.63 72.81 13868.28 10354387.13 0.0000661515 17.63 567016112463178375364608.00
GM1 1.00 300 39 8057385.63 17.73 -59.51 11.54 2.46 1.24 63.16 9515.78 38170491.53 0.0107728131 11.17 119794210072949677883392.00
GM1 1.00 301 2 331961.73 17.98 -81.21 10.95 0.34 0.34 83.89 18956.08 6627812.93 0.0000084718 8.08 1308060174935040622329856.00
GM1 1.00 302 18 3636588.58 17.46 -66.12 9.70 1.74 0.93 69.07 10640.74 21653823.64 0.0017441246 9.16 207029379862309986369536.00
GM1 1.00 303 15 3010017.56 16.90 -31.51 9.70 1.56 0.51 37.05 9672.93 36941450.99 0.0095489779 9.97 108533448891772597960704.00
GM1 1.00 304 10 1869623.97 15.81 -6.47 8.68 0.61 0.25 19.16 10702.89 40589714.77 0.0089783152 9.18 112982261290872768299008.00
GM1 1.00 305 2 366765.76 14.37 -5.46 7.12 0.31 0.27 16.94 12817.05 29615855.94 0.0019598612 20.36 221742377988660328923136.00
GM1 1.00 306 22 4581672.02 14.41 -3.75 5.55 1.52 0.92 15.89 13808.14 64185709.68 0.0117120339 23.46 147074549467907520200704.00
GM1 1.00 307 7 1342711.84 -6.77 -31.59 34.00 1.08 0.66 46.90 29119.63 19648855.06 0.0000351157 14.59 1292264815014010140229632.00
GM1 1.00 308 18 3528521.19 -2.83 -26.98 30.24 1.29 0.71 40.63 12167.28 23263275.64 0.0013407628 17.16 246842662977522745999360.00
GM1 1.00 309 2 410558.30 -2.61 -29.45 37.21 0.38 0.33 47.53 36822.22 17485026.91 0.0000110103 6.63 2073687587950086928203776.00
GM1 1.00 310 2 431740.81 -7.18 -22.35 24.45 0.46 0.46 33.89 17160.99 14287404.94 0.0000762616 23.23 660173521312265143320576.00
GM1 1.00 311 2 443045.15 8.89 -43.08 0.62 0.38 0.37 43.99 16883.74 10772736.86 0.0000359075 5.85 769458429743832095522816.00
GM1 1.00 312 7 1494166.92 9.23 -44.98 -0.83 0.71 0.44 45.93 12843.99 15288521.47 0.0002678534 10.79 377381977832873497985024.00
GM1 1.00 313 2 450645.95 -7.04 -20.71 32.82 0.05 0.04 39.44 69748.49 27975383.36 0.0000000540 5.35 4420813892553659960524800.00
GM1 1.00 314 3 579101.31 7.33 -21.56 -13.77 0.42 0.30 26.61 12976.15 14663358.56 0.0002288227 12.06 394784698686000133570560.00
GM1 1.00 315 7 1364102.49 10.04 -23.50 -6.47 0.43 0.26 26.36 12016.31 21667873.54 0.0011118053 9.19 252982563871975373012992.00
GM1 1.00 316 10 2130794.21 5.26 -19.65 -8.20 0.36 0.22 21.93 10834.01 36825592.58 0.0061945458 4.32 130202793721828141432832.00
GM1 1.00 317 36 7456585.74 15.76 -7.85 6.04 2.67 1.23 18.61 10911.81 132051833.51 0.0468451668 19.35 69671487556097369178112.00
GM1 1.00 318 2 338016.80 12.36 -12.68 5.52 0.60 0.46 18.55 38839.67 52415705.78 0.0001766519 13.84 1076109894798844534718464.00
GM1 1.00 319 23 4761838.59 11.59 -10.63 5.18 0.51 0.18 16.56 10567.32 210925730.90 0.0822359345 9.80 32566030824099897409536.00
GM1 1.00 320 2 434297.10 10.78 -9.60 4.45 0.04 0.04 15.10 11916.29 63525857.98 0.0150211566 3.64 95688353339265626669056.00
GM1 1.00 321 7 1494312.71 -7.27 -63.54 14.48 1.49 0.94 65.57 14099.67 11160970.80 0.0001247684 12.38 595955540600738575024128.00
GM1 1.00 322 2 424235.32 -35.04 -39.48 -1.89 0.22 0.22 52.82 30971.53 9439776.21 0.0000027643 8.60 2350889653303951725953024.00
GM1 1.00 323 4 859252.55 -25.02 -39.34 1.27 0.37 0.31 46.64 24534.97 15943645.87 0.0000281392 1.84 1113941918366297225166848.00
GM1 1.00 324 3 636335.07 -26.94 -35.88 -1.22 0.49 0.35 44.89 27778.26 13637719.25 0.0000130055 11.11 1526133242786203287158784.00
GM1 1.00 325 5 806218.10 -18.37 -5.41 12.75 0.36 0.34 23.00 15565.95 18125371.72 0.0002126712 17.50 465882974113209727844352.00
GM1 1.00 326 10 2008146.23 -15.07 1.69 5.55 0.77 0.41 16.15 12207.70 46576611.06 0.0083938178 25.07 131928410895780000301056.00
GM1 1.00 327 4 848458.31 -16.12 -63.44 -27.55 0.24 0.16 71.02 20065.70 4816161.45 0.0000033419 6.11 1782979339988695229923328.00
GM1 1.00 328 5 1065015.54 -3.23 -14.14 -9.09 0.19 0.11 17.11 12453.84 31841521.08 0.0025871840 3.89 197675760616046099169280.00
GM1 1.00 329 8 1697092.73 -0.72 -18.66 -11.19 0.42 0.19 21.77 11116.18 29439395.38 0.0030412335 6.54 169726737886473923592192.00
GM1 1.00 330 3 272464.35 -7.29 12.22 5.29 0.17 0.14 15.18 11498.09 81653357.66 0.0268166670 17.71 67754099661758005248000.00
GM1 1.00 331 9 1660897.42 -8.44 11.14 6.02 1.03 0.64 15.21 39341.02 543556495.56 0.0317765541 25.45 215979499184313409208320.00
GM1 1.00 332 2 425114.71 -6.60 -58.37 11.48 0.33 0.33 59.86 56762.52 13833579.05 0.0000000729 7.81 5005440325714727084752896.00
GM1 1.00 333 2 426566.62 -8.52 -23.90 -8.68 0.03 0.03 26.82 14896.51 12820744.92 0.0000911930 1.16 550919611590751587139584.00
GM1 1.00 334 6 1227294.62 -6.08 -56.14 7.38 0.79 0.44 56.95 11949.13 16667446.90 0.0004838122 6.74 311631253034695819001856.00
GM1 1.00 335 2 305842.74 3.15 -97.72 10.12 0.66 0.47 98.29 12520.16 11553675.37 0.0001295002 3.47 442451550483462592921600.00
GM1 1.00 336 6 961364.27 -6.60 11.10 8.11 1.32 0.73 15.24 206487.71 3266511889.67 0.0100481639 26.06 1131662939064987593736192.00
GM1 1.00 337 3 539337.52 -9.36 20.72 11.19 0.08 0.05 25.34 12255.40 29998702.43 0.0023888752 4.29 200141645332024775409664.00
GM1 1.00 338 2 225077.53 -3.84 11.26 9.45 0.06 0.06 15.19 11229.75 77567221.72 0.0251341668 8.40 68557480875742636015616.00
GM1 1.00 339 2 424251.11 -0.18 -74.78 15.20 0.24 0.24 76.30 14714.17 9015720.53 0.0000381659 8.08 697669254142349461684224.00
GM1 1.00 340 2 424178.78 1.33 -70.72 14.75 0.39 0.39 72.26 11050.67 16924865.17 0.0007664286 1.87 270760013281324523585536.00
GM1 1.00 341 9 1860846.35 8.46 -81.51 17.11 1.32 0.64 83.72 11550.99 15314004.61 0.0004641185 10.19 318713217353026841346048.00
GM1 1.00 342 2 365615.53 -4.80 -80.32 18.39 0.41 0.36 82.54 12340.80 12099832.52 0.0001624423 3.97 421712604400941713588224.00
GM1 1.00 343 2 429092.31 7.43 -77.39 18.15 0.31 0.31 79.84 15865.81 5438626.51 0.0000094835 6.29 1106593105912659556958208.00
GM1 1.00 344 3 518753.45 -6.59 -73.58 15.11 0.65 0.50 75.40 18176.51 6206646.54 0.0000079838 11.05 1272705879788471791386624.00
GM1 1.00 345 6 1209960.16 15.43 -52.75 11.91 1.25 0.83 56.23 12728.92 16446822.64 0.0004154817 19.99 354778213889071982313472.00
GM1 1.00 346 2 432308.99 9.88 -92.81 8.15 0.49 0.48 93.69 13209.57 10166678.94 0.0000805933 3.77 534945904156618283548672.00
GM1 1.00 347 5 1067990.91 8.45 -92.63 7.33 0.63 0.47 93.31 10434.81 19452228.30 0.0013215173 5.48 212777136560999392870400.00
GM1 1.00 348 7 1499716.19 -3.36 -90.91 11.10 1.13 0.61 91.64 12114.79 12019792.51 0.0001737089 6.80 412320239132348346531840.00
GM1 1.00 349 3 640899.78 -5.20 -91.70 12.21 0.50 0.36 92.66 12858.53 9349136.46 0.0000660354 5.80 540738553584047225831424.00
GM1 1.00 350 4 818767.78 13.54 -40.63 11.79 0.51 0.39 44.42 14127.51 13780413.49 0.0001410691 15.59 480103137936916590100480.00
GM1 1.00 351 3 600145.20 15.98 -90.99 6.62 0.40 0.28 92.62 12119.37 13214277.69 0.0002202121 7.67 379842570197988668342272.00
GM1 1.00 352 8 1660966.61 7.83 -59.23 10.08 1.27 0.69 60.59 14654.42 10122468.06 0.0000527127 8.31 634432566261189043027968.00
GM1 1.00 353 2 424193.12 -10.59 -67.39 14.20 0.41 0.41 69.68 14677.99 8229418.15 0.0000294126 14.78 733868135465058993963008.00
GM1 1.00 354 2 364651.29 6.81 -71.75 9.96 0.50 0.43 72.75 16589.28 6059855.77 0.0000101750 8.54 1108474390440013459357696.00
GM1 1.00 355 2 329898.50 1.15 -91.12 8.88 0.61 0.47 91.56 14716.26 7386260.78 0.0000251441 12.30 802550534777569869299712.00
GM1 1.00 356 19 3980513.47 22.92 -64.83 4.12 1.39 0.82 68.89 10774.31 19079138.48 0.0011452078 6.23 232936960745916550086656.00
GM1 1.00 357 2 429536.38 6.69 -89.95 8.18 0.26 0.26 90.57 12794.05 10724147.77 0.0000954331 8.17 482392069501558632480768.00
GM1 1.00 358 12 2244880.42 20.44 -76.39 5.05 1.68 0.81 79.24 12782.04 10904931.84 0.0001079753 6.99 483884719258836897103872.00
GM1 1.00 359 7 1484742.34 17.11 -47.50 -1.12 0.62 0.41 50.51 12796.99 14208034.20 0.0002181580 5.55 396272094949251615817728.00
GM1 1.00 360 2 425748.36 -17.62 -57.07 10.48 0.16 0.16 60.64 26041.41 5560744.76 0.0000016339 3.34 2503765800565629199056896.00
GM1 1.00 361 2 370080.29 20.57 -71.12 7.61 0.06 0.06 74.42 14639.35 8651612.89 0.0000335463 3.45 702366519216253043736576.00
GM1 1.00 362 2 435149.56 19.87 -72.13 8.24 0.12 0.12 75.27 14316.68 9302036.26 0.0000438625 1.77 643452883466378937368576.00
GM1 1.00 363 3 589849.03 22.82 -52.41 3.61 0.59 0.43 57.28 18035.21 7017988.02 0.0000109392 6.56 1149766348742953388736512.00
GM1 1.00 364 11 2306223.89 2.65 -16.93 -9.16 0.58 0.19 19.44 10781.82 46002946.12 0.0108426970 5.72 104076700868884358496256.00
GM1 1.00 365 3 638556.26 7.72 -15.36 -14.78 0.14 0.10 22.67 12179.75 18688178.56 0.0006618332 5.34 292860216054856934227968.00
GM1 1.00 366 25 4947938.16 17.47 -3.93 5.48 1.35 0.40 18.72 10501.31 135958330.11 0.0519465780 16.61 57947475510562310324224.00
GM1 1.00 367 23 4801446.30 17.56 -13.87 8.78 1.28 0.41 24.03 9435.54 92517322.21 0.0358991404 10.01 52978310419818634805248.00
GM1 1.00 368 18 3719444.73 18.77 -6.90 6.44 1.21 0.35 21.01 10362.03 67400066.89 0.0209475905 14.10 77439243666774730735616.00
GM1 1.00 369 2 352578.51 24.78 0.98 -6.80 0.04 0.04 25.71 13857.39 13501201.53 0.0001501489 1.25 459678533519679281954816.00
GM1 1.00 370 3 580881.73 83.64 -43.05 127.00 0.47 0.35 158.05 350056.88 9359558206.39 0.0000000683 31.17 1367412779607328955564032.00
GM1 1.00 371 3 636361.56 49.66 -38.16 79.27 0.66 0.49 101.02 14559.70 8269778.44 0.0000313501 8.59 726739937968292693540864.00
GM1 1.00 372 3 637875.03 48.64 -38.47 77.67 0.66 0.58 99.39 15648.72 8635767.75 0.0000271982 11.13 795553245045363514015744.00
GM1 1.00 373 2 424179.13 50.17 -41.56 80.23 0.41 0.41 103.35 16141.81 8639808.48 0.0000256742 12.62 840980494483281013637120.00
GM1 1.00 374 2 424286.20 39.65 -40.44 70.29 0.43 0.43 90.27 15518.65 9159825.15 0.0000312909 5.22 751192218249610825564160.00
GM1 1.00 375 9 1909457.24 42.38 -40.29 72.07 1.80 1.00 92.81 13362.50 10960543.49 0.0000962275 7.43 526224705224944367173632.00
GM1 1.00 376 2 424176.41 40.64 -39.04 70.23 0.26 0.26 90.04 14527.67 9817918.10 0.0000477748 13.14 641818756341235447758848.00
GM1 1.00 377 2 426162.99 41.36 -37.78 69.69 0.31 0.31 89.41 18848.90 8067441.05 0.0000141087 8.75 1149649057999318482419712.00
GM1 1.00 378 2 424189.52 36.65 -37.37 63.80 0.40 0.40 82.53 37150.55 9127435.48 0.0000013505 6.88 3277426327276868958420992.00
GM1 1.00 379 6 1274171.46 40.86 -41.31 70.36 0.81 0.55 91.25 13524.64 11763783.04 0.0001077845 6.87 504457673314728654405632.00
GM1 1.00 380 2 424169.20 68.18 -35.34 97.58 0.49 0.49 124.18 17024.61 8087160.40 0.0000211096 8.38 983407817317898348658688.00
GM1 1.00 381 2 397981.00 30.55 -44.49 40.36 0.48 0.42 67.40 21948.43 4120912.57 0.0000018022 4.55 2300924504739427588767744.00
GM1 1.00 382 2 424181.91 28.20 -41.23 58.71 0.38 0.38 77.08 35690.78 7509385.40 0.0000005749 10.06 3514109766600450658795520.00
GM1 1.00 383 3 645861.73 16.29 -17.19 15.30 0.47 0.31 28.19 15035.16 13449769.73 0.0001011976 7.13 541474066595809364803584.00
GM1 1.00 384 10 2033007.13 18.05 -57.92 13.15 0.79 0.56 62.08 9937.28 27699075.97 0.0041490647 9.89 145898811943732740358144.00
GM1 1.00 385 2 443115.75 20.54 -72.68 6.96 0.36 0.36 75.84 14878.28 8223098.92 0.0000282389 6.89 747444249016205794344960.00
GM1 1.00 386 2 434825.22 20.26 -63.20 -4.75 0.18 0.17 66.54 21359.65 4724331.11 0.0000026126 6.18 1999372704129073387929600.00
GM1 1.00 387 22 4752680.63 19.52 -17.52 7.60 0.69 0.23 27.30 9047.56 83863995.39 0.0331599703 7.57 47918133188423711719424.00
GM1 1.00 388 3 594468.75 22.22 -27.78 6.75 0.33 0.26 36.21 15353.88 11998187.06 0.0000679285 11.10 607553798499297075920896.00
GM1 1.00 389 23 4665332.59 19.02 -33.29 7.42 1.08 0.51 39.05 9178.72 49283713.73 0.0159717627 11.46 75091044010671885778944.00
GM1 1.00 390 2 377208.35 14.06 -26.22 9.04 0.08 0.07 31.09 13379.08 17761260.25 0.0003720235 10.53 360997787374765161316352.00
GM1 1.00 391 3 663645.99 17.64 -39.97 7.82 0.19 0.14 44.39 13034.59 13127612.62 0.0001605063 7.58 430252905158118802980864.00
GM1 1.00 392 42 8256438.07 18.67 -24.00 6.43 1.87 0.99 31.08 9456.28 65253916.96 0.0231293119 18.61 69101411829987242147840.00
GM1 1.00 393 5 826722.69 16.25 -73.81 12.41 1.07 0.69 76.59 12261.89 13718370.94 0.0002344963 7.58 377246507036360776351744.00
GM1 1.00 394 3 636318.08 51.27 -40.28 82.04 0.62 0.42 104.80 14880.88 9282731.80 0.0000380168 8.11 694149797385623086039040.00
GM1 1.00 395 2 253530.39 33.75 -53.53 56.96 0.10 0.08 85.14 58058.86 10004207.36 0.0000000460 3.88 6476074021107661430325248.00
GM1 1.00 396 25 4912985.50 18.50 -82.32 14.34 2.63 1.60 85.58 11465.35 15322832.87 0.0005158319 12.72 312116312775505565712384.00
GM1 1.00 397 3 650408.03 19.45 -78.28 13.61 0.77 0.52 81.80 11528.90 17873149.83 0.0010269299 14.84 295546622849288343912448.00
GM1 1.00 398 24 5135189.92 20.33 -69.62 14.88 1.91 0.74 74.04 9829.66 27996931.32 0.0045230388 8.92 145384645857107234521088.00
GM1 1.00 399 10 1790077.59 17.38 -85.45 14.39 1.37 0.84 88.38 12157.18 12947481.41 0.0002297468 8.61 391765614254003018792960.00
GM1 1.00 400 9 1658370.10 17.28 -91.83 14.71 1.36 0.85 94.59 12209.28 12013335.73 0.0001709721 6.68 415269126787254232023040.00
GM1 1.00 401 2 449291.81 15.78 -92.84 14.83 0.37 0.37 95.33 11305.06 14919558.02 0.0004237169 7.61 306555979287266133540864.00
GM1 1.00 402 2 426103.18 17.32 -87.08 15.54 0.50 0.50 90.13 13334.18 9444344.96 0.0000582462 11.77 565670866709847392387072.00
GM1 1.00 403 2 379195.68 21.74 -70.52 14.31 0.22 0.20 75.17 12464.72 13673216.60 0.0002692789 4.39 397272598505777226842112.00
GM1 1.00 404 3 644159.38 16.72 -74.27 13.97 0.69 0.60 77.40 11844.23 14899173.59 0.0003357879 10.32 332688604146183161511936.00
GM1 1.00 405 2 438472.11 22.35 -69.48 17.01 0.18 0.18 74.94 15232.75 9253412.42 0.0000374104 5.43 724491345588974757347328.00
GM1 1.00 406 2 373256.95 18.64 -91.63 13.43 0.43 0.37 94.47 15859.70 7615584.46 0.0000213015 18.13 889921747563558234750976.00
GM1 1.00 407 2 369150.47 17.76 -73.37 13.38 0.21 0.18 76.66 12251.55 15165348.49 0.0003113645 12.27 348729324219108754980864.00
GM1 1.00 408 2 433209.64 16.77 -87.84 16.23 0.46 0.46 90.89 14359.99 8018270.60 0.0000310069 3.37 721696759656072611889152.00
GM1 1.00 409 2 365258.66 18.64 -89.02 16.10 0.18 0.15 92.36 15434.29 8152612.58 0.0000250058 6.05 803178550718550346039296.00
GM1 1.00 410 2 432366.43 18.43 -89.56 15.10 0.23 0.23 92.68 13836.87 9053088.11 0.0000463049 2.93 620277061112063649120256.00
GM1 1.00 411 2 296314.91 19.12 -53.28 11.71 0.23 0.15 57.81 22600.57 25901573.26 0.0001353450 9.00 694396911238319769124864.00
GM1 1.00 412 2 305147.43 18.60 -35.20 9.54 0.24 0.17 40.94 15413.32 11157616.19 0.0000548746 4.88 643434424567989088026624.00
GM1 1.00 413 3 645651.61 17.72 -86.24 2.87 0.46 0.38 88.09 16999.52 5812419.31 0.0000086412 4.61 1186872635994307506995200.00
GM1 1.00 414 2 336591.59 16.79 -87.80 2.57 0.41 0.33 89.43 23019.50 7764013.96 0.0000060204 2.26 1627334928612643414474752.00
GM1 1.00 415 2 426645.91 17.85 -87.02 1.66 0.29 0.29 88.85 17242.32 5783784.91 0.0000081888 2.16 1220905425300332558155776.00
GM1 1.00 416 2 427455.68 19.51 -38.53 8.40 0.16 0.16 44.00 15034.66 11309028.45 0.0000622039 2.04 611307996353190577569792.00
GM1 1.00 417 2 377901.93 18.38 -31.31 5.45 0.05 0.04 36.71 13786.20 15303750.57 0.0002045697 2.00 424855025146451281838080.00
GM1 1.00 418 4 797718.84 18.28 -9.34 4.51 0.29 0.20 21.02 12412.34 23544015.88 0.0012438604 7.91 250535924259438830026752.00
GM1 1.00 419 6 1297242.77 18.52 -19.48 2.96 0.76 0.28 27.05 12532.72 20904771.94 0.0008933848 8.99 281907487183655476920320.00
