model linking_length pyfof_grp N clump_mass[Msol] com_x[kpc] com_y[kpc] com_z[kpc] max_r[kpc] clump_r_avg[kpc] r[kpc] avg_temp[K] avg_pressure[Pa] avg_nHden[cm^-3] vdist[km/s] entropy[K/(Msolkpc**3)**(2/3)]
GM1 1.00 0 7 1484590.97 -64.15 -38.34 24.22 0.05 0.03 78.56 68173.45 25265695.30 0.0000000531 0.42 4583480245621899187453952.00
GM1 1.00 1 13 2774544.42 58.60 97.80 24.85 0.35 0.17 116.69 172287.90 66224799833.61 0.0142039933 31.04 121776947122975633571840.00
GM1 1.00 2 2 367110.98 56.72 138.89 42.05 0.58 0.50 155.80 36335.12 6812379.78 0.0000005799 5.08 3846829936596929111654400.00
GM1 1.00 3 2 425644.79 58.83 109.82 54.81 0.50 0.50 136.11 22804.27 4127218.26 0.0000010449 4.36 2473406241962716129394688.00
GM1 1.00 4 2 362084.98 54.26 118.92 30.49 0.44 0.38 134.22 25019.60 6000815.10 0.0000016766 9.32 2248335234601916743811072.00
GM1 1.00 5 22 4665850.81 52.24 118.07 24.50 0.16 0.07 131.41 10485.28 23758647.11 0.0014824388 2.32 189491196919853801799680.00
GM1 1.00 6 2 425446.51 54.05 137.20 39.81 0.28 0.28 152.74 23541.19 4425110.85 0.0000010963 2.02 2485842260672174467579904.00
GM1 1.00 7 2 369527.85 53.34 133.82 40.20 0.56 0.47 149.56 31189.52 4339318.33 0.0000003574 9.73 4032066168703306765959168.00
GM1 1.00 8 2 424168.27 74.79 74.89 29.82 0.50 0.50 109.96 16975.50 7914107.82 0.0000112467 3.77 972341893109133103595520.00
GM1 1.00 9 2 424168.26 72.05 94.60 28.85 0.20 0.20 122.36 17361.72 6785035.88 0.0000074255 3.62 1120078300823100063744000.00
GM1 1.00 10 2 424168.26 73.02 123.29 25.40 0.16 0.16 145.53 49355.84 5465139.14 0.0000000507 8.69 7460269730107661129613312.00
GM1 1.00 11 2 439581.71 62.82 103.52 27.29 0.16 0.16 124.13 11326.64 87710305.61 0.0235044955 10.93 69687854139043246768128.00
GM1 1.00 12 28 5954066.96 35.38 45.50 10.35 2.92 1.63 58.56 11768.51 19977643.29 0.0007802677 15.77 281727831418764831752192.00
GM1 1.00 13 6 1285437.85 33.94 41.83 9.33 0.76 0.49 54.67 12575.07 17167679.68 0.0002913922 8.29 341269355821683305349120.00
GM1 1.00 14 2 424168.26 76.17 63.14 24.59 0.45 0.45 101.95 19253.11 6929411.19 0.0000055030 5.15 1310115584217015344168960.00
GM1 1.00 15 2 424175.19 36.99 29.60 9.87 0.35 0.35 48.40 37582.79 33156677.33 0.0000422520 18.15 1406431755055537525358592.00
GM1 1.00 16 2 424174.69 35.46 39.89 9.45 0.05 0.05 54.20 15463.27 11138274.62 0.0000345104 12.88 656200803380029531619328.00
GM1 1.00 17 2 424177.54 37.03 40.04 11.14 0.42 0.42 55.66 22467.99 9027498.64 0.0000058725 10.72 1430706180288002268332032.00
GM1 1.00 18 2 424169.84 67.16 53.78 19.45 0.45 0.45 88.21 61377.63 18655310.84 0.0000000714 11.27 4718438802906787793076224.00
GM1 1.00 19 2 424178.27 65.13 39.63 23.21 0.47 0.47 79.69 20285.43 5903396.53 0.0000032672 5.64 1595215514283931254915072.00
GM1 1.00 20 2 424171.57 58.88 53.42 23.76 0.46 0.46 82.98 18289.25 10120651.31 0.0000149183 11.29 929973281957927098253312.00
GM1 1.00 21 2 424168.28 68.61 49.99 21.90 0.31 0.31 87.67 22885.61 8865785.22 0.0000049641 5.69 1483613269569011764428800.00
GM1 1.00 22 2 424170.49 53.65 45.65 21.90 0.43 0.43 73.77 40311.20 14691125.40 0.0000005158 5.81 2740822507778292756512768.00
GM1 1.00 23 2 425352.43 49.39 45.61 16.86 0.14 0.14 69.31 15276.62 11192149.75 0.0000364648 8.67 640715294099829262647296.00
GM1 1.00 24 2 365436.73 52.15 54.49 17.90 0.58 0.50 77.52 16809.69 19990171.23 0.0001469599 13.18 506873733724058930905088.00
GM1 1.00 25 2 424170.07 42.52 55.13 13.02 0.49 0.49 70.83 17172.32 9825715.36 0.0000172157 5.62 852959235392389045551104.00
GM1 1.00 26 2 424173.24 47.92 40.01 16.21 0.49 0.49 64.50 22098.50 10751903.84 0.0000095040 9.16 1232292754977720033607680.00
GM1 1.00 27 2 424173.20 47.86 41.43 16.82 0.37 0.37 65.50 15832.11 10163076.94 0.0000248300 13.40 726895438124818125291520.00
GM1 1.00 28 3 638161.16 49.49 40.37 17.79 0.58 0.51 66.30 18783.43 8167600.85 0.0000089740 12.72 1132820763717436245540864.00
GM1 1.00 29 10 2120865.35 42.81 35.29 12.11 1.36 0.88 56.79 13046.46 17618463.66 0.0002909711 17.10 359130783700274984779776.00
GM1 1.00 30 2 424175.44 43.72 35.66 13.69 0.44 0.44 58.06 14976.46 13042641.14 0.0000601591 15.68 558187743189714025316352.00
GM1 1.00 31 2 426017.12 41.66 43.43 15.08 0.41 0.40 62.04 19045.82 9200103.11 0.0000117697 4.94 1076641817994020664639488.00
GM1 1.00 32 2 424173.80 47.99 41.51 18.19 0.46 0.46 66.01 18249.53 8548377.07 0.0000108274 12.28 1043644052367206185435136.00
GM1 1.00 33 3 636262.90 46.29 36.47 14.94 0.31 0.25 60.79 26511.71 15522335.22 0.0000114053 8.49 1302626247577197973864448.00
GM1 1.00 34 2 424173.78 45.97 42.09 15.10 0.26 0.26 64.13 19075.12 9715688.29 0.0000124702 5.73 1033254256451199478792192.00
GM1 1.00 35 5 936497.92 67.53 6.54 11.02 0.57 0.37 68.73 18803.06 7192031.26 0.0000066339 5.77 1218458199108185587974144.00
GM1 1.00 36 8 1553166.10 45.08 4.89 11.49 1.05 0.58 46.77 16142.72 14119637.25 0.0000601225 11.48 595901469395233888272384.00
GM1 1.00 37 5 1060433.34 41.32 32.82 11.12 0.98 0.58 53.93 14412.03 17268462.81 0.0001698726 15.85 431920306402998190342144.00
GM1 1.00 38 11 2339440.64 38.35 28.75 8.41 1.52 0.86 48.67 13749.62 18268366.76 0.0002684836 26.26 384249707833183248056320.00
GM1 1.00 39 3 636267.04 42.51 32.03 9.95 0.86 0.66 54.15 16481.62 13308911.21 0.0000463746 10.99 652775325509110135259136.00
GM1 1.00 40 3 636271.01 41.26 34.78 11.09 0.54 0.39 55.09 24141.15 28993444.72 0.0001890245 13.33 731941842070790551371776.00
GM1 1.00 41 2 424175.84 41.54 29.55 9.44 0.26 0.26 51.85 17370.87 11435805.27 0.0000242910 12.78 784662257217016613044224.00
GM1 1.00 42 4 609062.94 48.91 -32.22 47.02 1.12 0.69 75.11 15399.21 11945766.58 0.0000526713 31.17 631740981060406331047936.00
GM1 1.00 43 22 4282343.15 47.67 -31.30 51.55 2.34 1.21 76.87 11496.68 20630177.14 0.0009290722 17.06 259912593473656946950144.00
GM1 1.00 44 10 2011889.15 49.12 -31.87 48.99 1.80 1.15 76.35 12849.81 17165216.22 0.0003102598 18.82 355643609229117240639488.00
GM1 1.00 45 2 383961.02 47.08 -31.56 42.96 0.47 0.42 71.12 16697.26 10170117.95 0.0000217638 4.31 791373738309046631399424.00
GM1 1.00 46 5 965224.58 58.86 -36.20 58.26 0.75 0.58 90.38 16876.99 7837205.10 0.0000116025 12.07 961654193946704580968448.00
GM1 1.00 47 2 427004.67 55.86 -36.37 60.30 0.35 0.35 89.89 14809.98 9216832.23 0.0000251134 3.93 687977864427012863557632.00
GM1 1.00 48 3 592985.97 52.59 -33.37 59.11 0.96 0.63 85.86 14945.62 11112648.26 0.0000401594 8.58 615141492032354895527936.00
GM1 1.00 49 70 12823632.43 51.36 -36.50 58.19 5.97 2.90 85.77 11544.46 18666754.73 0.0006846032 14.55 281052302028258534227968.00
GM1 1.00 50 2 339301.37 53.75 -33.71 58.35 0.61 0.46 86.20 13435.17 12418191.37 0.0000842059 2.55 477507255481776197337088.00
GM1 1.00 51 4 747017.13 50.58 -38.56 57.66 0.80 0.57 85.85 11599.15 14825006.80 0.0002699689 14.27 329234143346229797453824.00
GM1 1.00 52 2 452074.62 54.49 -35.57 57.56 0.52 0.50 86.88 13731.67 12604096.60 0.0000789843 7.96 488257701678477998030848.00
GM1 1.00 53 2 428760.97 56.06 -35.80 57.37 0.39 0.39 87.84 14712.82 11407477.77 0.0000453633 4.91 588721879772182410690560.00
GM1 1.00 54 10 1896846.05 65.30 -39.02 61.40 1.47 0.94 97.75 12680.03 13876174.71 0.0001627511 8.17 406666677913223782465536.00
GM1 1.00 55 5 988117.21 54.61 -38.27 59.88 1.09 0.74 89.62 12571.89 13873373.94 0.0001483807 11.26 394091988476609419018240.00
GM1 1.00 56 4 783576.84 64.62 -39.15 56.62 0.78 0.64 94.42 13373.09 12377098.56 0.0000823748 2.76 473704143360492451135488.00
GM1 1.00 57 2 387207.29 66.89 -38.99 56.39 0.43 0.38 95.79 17091.09 7074612.25 0.0000087062 7.18 1048623027866310266585088.00
GM1 1.00 58 8 1422022.23 52.54 -33.82 56.50 1.31 0.96 84.24 12329.07 16022645.15 0.0002865124 12.82 347313438770939654307840.00
GM1 1.00 59 2 375135.45 54.54 -33.69 56.97 0.50 0.43 85.77 14638.77 10146071.29 0.0000385136 8.27 644852047210022495584256.00
GM1 1.00 60 4 694063.18 50.39 -31.45 54.50 0.69 0.53 80.61 11666.55 16326121.14 0.0003616628 8.22 308086543009490516574208.00
GM1 1.00 61 2 315653.65 50.00 -29.85 53.67 0.28 0.27 79.19 17867.73 12933141.36 0.0000324960 10.66 751710796331269486542848.00
GM1 1.00 62 4 759907.36 49.54 -32.01 53.34 0.76 0.57 79.53 11367.99 17381218.76 0.0004708962 5.91 278446169477833683894272.00
GM1 1.00 63 6 896084.30 49.90 -37.09 55.65 1.11 0.66 83.44 12393.39 14833465.73 0.0002401391 7.16 376605530155086013005824.00
GM1 1.00 64 2 320436.68 55.08 -35.57 56.23 0.64 0.45 86.38 14436.67 10428374.08 0.0000389145 4.17 607844025712397325959168.00
GM1 1.00 65 3 601384.06 53.23 -31.65 49.41 0.55 0.44 79.23 26194.69 8180746.86 0.0000038312 11.48 1995590125786905012338688.00
GM1 1.00 66 3 599065.28 50.39 -31.35 50.49 0.66 0.49 77.91 12711.41 13797893.02 0.0001374711 11.52 402529038675193716801536.00
GM1 1.00 67 5 1034730.17 51.39 -27.82 43.40 0.76 0.52 72.79 22301.52 8340512.14 0.0000053844 14.74 1475233113326880137674752.00
GM1 1.00 68 3 621718.08 49.20 -27.75 41.12 0.18 0.13 69.87 18076.15 7874845.69 0.0000092508 1.19 1071420117785330640224256.00
GM1 1.00 69 2 313619.48 49.13 -31.28 43.10 0.42 0.42 72.45 26150.46 7689469.58 0.0000022205 20.24 2033925460210699860967424.00
GM1 1.00 70 2 390867.27 49.97 -33.79 53.47 0.33 0.27 80.61 13092.27 13750263.64 0.0001216084 7.98 424048152334276673667072.00
GM1 1.00 71 2 372393.97 51.05 -33.24 48.94 0.26 0.23 78.14 16472.04 11087369.92 0.0000286684 7.87 727830377455254203531264.00
GM1 1.00 72 3 636261.64 62.56 52.45 27.50 0.73 0.64 86.15 19099.04 7782571.34 0.0000073335 5.82 1198380562441727102681088.00
GM1 1.00 73 2 427985.90 51.00 52.29 17.83 0.41 0.41 75.19 15770.80 12456004.10 0.0000459540 14.00 631721872945930288758784.00
GM1 1.00 74 117 22198024.98 26.70 -26.09 44.20 5.37 2.69 57.86 10623.26 36877661.32 0.0078248589 22.20 165659755641964383436800.00
GM1 1.00 75 3 630711.36 47.14 -31.22 47.51 0.74 0.56 73.85 14120.20 13236001.20 0.0000842408 16.50 496800064143129179062272.00
GM1 1.00 76 3 452450.74 49.98 -27.43 42.18 0.58 0.53 70.92 17875.42 8777699.78 0.0000121071 9.73 977209121050432527925248.00
GM1 1.00 77 45 8109379.76 41.35 -31.00 48.63 5.20 2.73 70.96 12663.66 16235274.62 0.0003473812 19.73 369486518614457044697088.00
GM1 1.00 78 2 434716.26 40.56 -39.13 49.64 0.32 0.31 75.10 15338.61 9389298.83 0.0000242013 7.38 722842329121840147988480.00
GM1 1.00 79 2 383438.13 39.63 -32.97 48.05 0.28 0.24 70.47 14880.57 13455200.62 0.0000694021 7.65 535201984323648453869568.00
GM1 1.00 80 8 1347896.40 43.43 -31.92 49.24 1.40 0.75 73.01 11593.19 19293853.72 0.0006797562 14.55 270330992169642536992768.00
GM1 1.00 81 2 452439.20 39.98 -41.77 48.74 0.47 0.47 75.62 26632.83 8992844.54 0.0000037279 15.37 1904558667657727749128192.00
GM1 1.00 82 17 3216539.23 33.23 -31.01 45.89 2.02 1.13 64.59 12716.70 17291387.71 0.0003412769 16.29 346905327429359520186368.00
GM1 1.00 83 16 2955011.73 45.00 -31.51 44.52 2.19 1.19 70.71 12821.82 15637269.71 0.0002635241 15.89 384363243032152205426688.00
GM1 1.00 84 2 391873.63 41.98 -37.71 46.74 0.13 0.12 73.27 67620.62 25092044.00 0.0000000563 3.18 4506653767711602713296896.00
GM1 1.00 85 4 647240.48 36.30 -32.60 46.87 0.81 0.60 67.66 13924.42 13942354.05 0.0000997092 5.96 466656511069962203299840.00
GM1 1.00 86 4 875360.33 47.20 -32.33 45.93 0.82 0.51 73.36 12542.36 14445706.25 0.0001674427 9.94 380323253143589198233600.00
GM1 1.00 87 5 1004063.39 30.92 -35.98 42.17 0.95 0.56 63.47 24402.91 10312488.03 0.0000055707 8.52 1483428481807125873426432.00
GM1 1.00 88 3 636524.15 29.49 32.18 -1.92 0.75 0.57 43.69 29215.40 18088029.72 0.0000179815 11.01 1397404285180413424435200.00
GM1 1.00 89 2 424184.60 27.23 32.35 -1.99 0.48 0.48 42.33 18584.28 14462497.83 0.0000345469 4.95 748814959605283582640128.00
GM1 1.00 90 6 1281931.63 21.46 29.70 -2.17 0.95 0.52 36.71 15811.37 19825103.02 0.0001918004 14.74 462277310219553689567232.00
GM1 1.00 91 2 424171.03 29.73 33.61 -3.44 0.47 0.47 45.00 31932.21 14955009.96 0.0000044008 9.10 1839450117066543339667456.00
GM1 1.00 92 2 369431.29 52.20 109.77 -6.50 0.16 0.14 121.72 46780.42 6044721.49 0.0000000748 2.69 6361333190909072810967040.00
GM1 1.00 93 23 4879475.05 31.91 25.87 3.59 2.80 1.26 41.24 12282.20 29256228.65 0.0019722978 25.24 231389357020882631917568.00
GM1 1.00 94 19 4032028.82 34.54 27.40 4.80 1.30 0.76 44.35 10729.23 31754911.20 0.0033172840 21.86 157630650146441972940800.00
GM1 1.00 95 14 2992648.64 20.40 33.13 4.52 1.69 0.99 39.17 16536.46 21302996.56 0.0002484406 21.94 474964073280398660993024.00
GM1 1.00 96 3 636299.12 -4.73 28.83 8.94 0.17 0.12 30.55 12733.67 25399393.36 0.0009415811 6.74 256091865893282544353280.00
GM1 1.00 97 14 2983993.32 32.33 38.92 8.23 2.26 0.96 51.26 12491.55 18976267.85 0.0005068512 14.34 319910382586571618516992.00
GM1 1.00 98 2 424183.78 12.30 33.13 4.09 0.27 0.27 35.58 72111.07 43804937.01 0.0000000715 6.42 3495488316728930205696000.00
GM1 1.00 99 2 424182.51 31.22 29.14 4.09 0.28 0.28 42.91 15771.96 17870325.72 0.0001249628 7.20 489763957332300265422848.00
GM1 1.00 100 10 2122577.08 28.12 25.81 5.39 1.20 0.42 38.55 14198.03 23901772.81 0.0005650330 12.40 331617613723260141174784.00
GM1 1.00 101 12 2548251.60 -5.24 23.42 7.49 0.59 0.36 25.15 11663.32 47546293.61 0.0080628010 15.73 123038271966991655895040.00
GM1 1.00 102 12 2552212.93 19.27 29.40 0.01 0.96 0.49 35.15 12003.20 26967465.23 0.0013699715 16.43 221262060138201360629760.00
GM1 1.00 103 10 2135593.73 30.50 27.83 2.64 0.95 0.56 41.37 12127.01 26797356.73 0.0013497622 21.53 228176890425926918078464.00
GM1 1.00 104 5 1060467.85 36.21 28.83 2.94 0.91 0.52 46.38 14550.45 17571369.21 0.0001636520 11.53 431190773046675574358016.00
GM1 1.00 105 15 3193590.64 13.72 25.11 1.91 1.29 0.66 28.68 11263.06 35973515.86 0.0044000821 19.82 156313701624915286818816.00
GM1 1.00 106 12 2189276.35 27.26 -33.07 45.23 1.98 1.04 62.31 15521.84 14061163.31 0.0000756525 17.52 562760699271238691848192.00
GM1 1.00 107 6 1051520.10 27.54 -34.10 43.36 1.15 0.71 61.65 17682.04 13122648.35 0.0000390655 14.60 739705313808200086061056.00
GM1 1.00 108 3 553219.62 28.27 -30.36 45.80 0.77 0.56 61.80 13591.30 14893850.38 0.0001438690 14.47 429997082206170809106432.00
GM1 1.00 109 14 2458527.35 27.78 -19.83 35.90 1.07 0.41 49.54 12648.66 17776604.28 0.0003379406 12.16 333044570426780610985984.00
GM1 1.00 110 141 26076570.07 11.67 -18.18 36.59 6.05 2.73 42.49 10219.24 64910500.30 0.0207300328 21.80 119266785465824033374208.00
GM1 1.00 111 12 2166281.42 17.12 -26.60 36.27 1.19 0.56 48.13 12176.11 20731923.19 0.0007110800 15.96 278379137320358204407808.00
GM1 1.00 112 18 3454171.61 10.02 -20.97 35.53 2.16 1.08 42.46 12264.63 24817960.26 0.0011384997 18.55 246982497420160230490112.00
GM1 1.00 113 2 446493.75 30.11 -31.08 46.28 0.40 0.38 63.36 14785.32 12445400.76 0.0000582701 22.74 559433442837644816941056.00
GM1 1.00 114 6 1093863.94 12.01 -22.70 34.94 0.81 0.44 43.36 14407.66 18167257.56 0.0002352267 20.63 415185921666982202048512.00
GM1 1.00 115 34 6946024.57 12.64 -26.51 33.33 3.45 1.69 44.43 13986.80 33957347.33 0.0037557500 28.97 281585485236464001220608.00
GM1 1.00 116 7 1388970.07 21.35 -28.57 37.01 0.99 0.57 51.40 21591.35 19616006.37 0.0000602177 26.22 781479825847332389257216.00
GM1 1.00 117 8 1274808.26 15.31 -24.49 30.68 0.81 0.54 42.13 12805.75 21337193.53 0.0006020581 23.08 295267974023516138766336.00
GM1 1.00 118 5 978093.42 35.73 4.81 24.67 0.64 0.42 43.68 16487.78 15131384.49 0.0000663752 6.64 589007672575896412225536.00
GM1 1.00 119 4 805164.05 17.95 14.31 25.75 0.40 0.22 34.50 14617.18 17633354.69 0.0001676530 7.99 429298375562159691137024.00
GM1 1.00 120 3 627648.60 31.46 10.37 26.80 0.34 0.25 42.61 17039.78 13488950.24 0.0000419622 2.67 672438041192208562913280.00
GM1 1.00 121 2 372225.34 17.54 -18.88 40.55 0.37 0.32 48.04 21527.51 11723494.24 0.0000116090 9.41 1098440528290775199383552.00
GM1 1.00 122 42 8037722.30 19.29 -24.23 40.16 3.77 1.75 50.71 10606.77 28184304.99 0.0032967570 18.57 174310716619776749207552.00
GM1 1.00 123 15 2650080.71 21.20 -21.87 38.80 0.93 0.46 49.33 11404.38 23112946.65 0.0011246309 14.85 225320736953469849567232.00
GM1 1.00 124 48 8767015.11 28.40 -24.55 38.41 3.69 1.94 53.71 11473.58 23698404.08 0.0014805368 25.09 234840735389674660429824.00
GM1 1.00 125 3 366587.93 48.46 -31.29 54.90 0.35 0.31 79.63 13229.74 14049386.30 0.0001249126 5.39 425476077168412558622720.00
GM1 1.00 126 2 345221.65 35.83 -25.96 38.27 0.45 0.43 58.50 25075.80 10145152.38 0.0000045557 2.63 1572285997960080851468288.00
GM1 1.00 127 2 372545.74 48.93 -30.63 52.94 0.38 0.32 78.33 11759.70 15749867.44 0.0002856982 0.82 319004797203860137443328.00
GM1 1.00 128 3 504535.10 47.55 -31.56 53.79 0.73 0.61 78.42 12906.79 14863656.98 0.0001880509 18.70 399014817530616024662016.00
GM1 1.00 129 2 424171.57 40.15 34.74 7.30 0.28 0.28 53.60 36069.45 17932729.01 0.0000039734 8.20 1983797851904112165126144.00
GM1 1.00 130 2 424331.64 35.92 31.36 5.98 0.37 0.37 48.05 16304.04 12854937.65 0.0000421433 14.68 651006582758548124467200.00
GM1 1.00 131 9 1717961.30 42.67 -36.65 51.57 1.57 0.99 76.31 14961.14 11643503.73 0.0000495660 11.11 603241790975122050383872.00
GM1 1.00 132 6 1192760.32 45.42 -35.75 51.70 1.15 0.74 77.55 15329.09 12329938.09 0.0000527953 20.83 603165582653967195701248.00
GM1 1.00 133 2 261200.59 48.31 -37.65 54.85 0.40 0.32 82.22 16401.58 9375991.42 0.0000193152 6.66 811222196245857524776960.00
GM1 1.00 134 4 732825.15 47.53 -35.18 52.49 0.97 0.72 79.07 14849.23 10348575.64 0.0000338170 8.87 639165558537518688763904.00
GM1 1.00 135 3 538017.21 45.58 -30.94 48.80 0.78 0.59 73.60 14386.21 13047425.63 0.0000745090 19.63 519114998064059458256896.00
GM1 1.00 136 2 338984.34 46.23 -42.76 53.66 0.66 0.48 82.74 14039.46 9594006.14 0.0000366142 3.63 618633904510585150636032.00
GM1 1.00 137 2 456604.34 45.31 -41.82 52.85 0.21 0.20 81.21 14676.84 10435145.25 0.0000362554 7.02 621811990504838583549952.00
GM1 1.00 138 5 995969.63 44.81 -42.91 51.96 1.27 0.80 80.92 14236.00 10057100.95 0.0000379932 7.35 609545062048059633958912.00
GM1 1.00 139 3 545566.69 48.26 -43.79 54.71 0.61 0.53 85.09 15107.27 7731776.91 0.0000156058 5.53 802033980769951052464128.00
GM1 1.00 140 9 1650078.52 47.51 -41.25 54.58 1.38 0.93 83.29 18038.54 12250655.32 0.0000322579 19.48 796297270915554858762240.00
GM1 1.00 141 2 395502.84 40.55 -41.97 46.59 0.36 0.33 74.67 21224.30 8906646.34 0.0000068482 3.88 1290286902486542898429952.00
GM1 1.00 142 2 436640.72 41.98 -38.61 50.90 0.38 0.37 76.44 14717.68 10393637.07 0.0000358071 4.87 628551431325854556225536.00
GM1 1.00 143 2 341169.91 42.20 -37.67 49.90 0.28 0.26 75.43 15382.39 10563348.15 0.0000327685 6.55 671219852882027158175744.00
GM1 1.00 144 2 435767.61 43.82 -41.66 49.99 0.50 0.50 78.45 15486.94 7510023.54 0.0000135266 5.00 851615238527529766617088.00
GM1 1.00 145 2 450607.89 45.19 -44.72 49.14 0.47 0.45 80.35 23278.20 8370340.58 0.0000048259 4.34 1588196495277057118306304.00
GM1 1.00 146 3 570279.26 45.64 -46.21 49.98 0.28 0.22 81.95 34468.24 13482686.83 0.0000052442 12.90 2210662348600553538322432.00
GM1 1.00 147 2 430891.61 50.21 -43.79 54.89 0.30 0.29 86.32 17745.65 6491667.74 0.0000064023 5.37 1181959718849942546022400.00
GM1 1.00 148 2 342373.98 62.20 -42.66 62.84 0.28 0.27 98.17 17093.45 7196674.84 0.0000090025 3.32 1036664109995472698998784.00
GM1 1.00 149 3 431307.51 59.06 -41.08 62.87 0.54 0.45 95.54 17154.18 7387794.87 0.0000102105 9.00 1040194253144040251850752.00
GM1 1.00 150 3 590707.14 63.86 -42.90 63.48 0.73 0.49 99.74 15558.23 7414851.88 0.0000128816 6.02 867810216542887192035328.00
GM1 1.00 151 2 382859.14 66.70 -41.92 62.39 0.15 0.13 100.50 14796.30 9641915.64 0.0000284343 2.43 667450358799518392123392.00
GM1 1.00 152 6 1131861.45 66.31 -39.61 63.83 1.10 0.82 100.20 13903.45 10455862.33 0.0000523405 6.65 580900478261988497031168.00
GM1 1.00 153 2 369699.53 60.59 -43.16 62.66 0.46 0.40 97.26 17687.01 6610046.96 0.0000068707 5.79 1165260547209084580921344.00
GM1 1.00 154 3 583934.38 67.74 -40.44 62.22 0.59 0.45 100.48 13137.54 11815886.69 0.0000804583 7.02 478786125536660648099840.00
GM1 1.00 155 2 335597.33 65.73 -40.03 60.15 0.61 0.46 97.68 12753.83 14036177.39 0.0001399333 3.58 398766753817011599441920.00
GM1 1.00 156 2 439320.78 67.48 -40.10 60.19 0.45 0.44 98.92 13296.79 12161188.74 0.0000869907 13.87 480491523823632685989888.00
GM1 1.00 157 2 373941.69 57.41 -39.95 60.99 0.28 0.24 92.80 14747.12 9716261.94 0.0000292429 8.28 659346516052512365084672.00
GM1 1.00 158 3 530276.30 65.38 -39.75 54.95 0.83 0.63 94.20 15157.43 8668510.69 0.0000224290 4.84 763145714989060367319040.00
GM1 1.00 159 2 399262.22 63.33 -39.60 57.61 0.36 0.34 94.33 13566.72 12799769.89 0.0000863299 6.21 474338853008265803988992.00
GM1 1.00 160 2 388751.45 71.38 -40.78 58.95 0.54 0.50 101.16 19733.79 5521228.54 0.0000032875 4.82 1583483601831886191591424.00
GM1 1.00 161 2 406444.01 63.69 -39.29 54.78 0.31 0.30 92.74 15463.05 8551505.28 0.0000183686 5.85 780247927506746350764032.00
GM1 1.00 162 2 441276.76 63.32 -40.61 59.34 0.16 0.16 95.81 13804.85 12541623.04 0.0000771875 3.53 496035871388255312150528.00
GM1 1.00 163 3 532333.24 69.96 -40.92 57.93 0.64 0.47 99.62 17784.33 6192131.30 0.0000058266 13.88 1229595500101382849953792.00
GM1 1.00 164 2 465953.75 64.49 -39.67 58.60 0.42 0.41 95.74 13116.47 13234967.83 0.0001068832 4.82 436996353791169629519872.00
GM1 1.00 165 2 300291.16 74.45 -42.65 61.98 0.42 0.30 105.84 20656.51 5477089.19 0.0000026790 11.65 1715454132519326044913664.00
GM1 1.00 166 9 1899468.48 -18.97 1.17 -7.15 1.34 0.65 20.31 11614.08 36347358.67 0.0043593287 42.76 160543268928878836449280.00
GM1 1.00 167 3 539141.03 -22.55 3.26 -9.45 0.34 0.22 24.66 14022.41 28221902.64 0.0009183619 19.71 278225966497196224282624.00
GM1 1.00 168 2 373178.64 -21.82 4.21 -11.45 0.13 0.11 25.00 15355.32 26121056.68 0.0005354921 14.19 347333889728678358679552.00
GM1 1.00 169 59 11156118.07 -22.38 6.34 -0.76 2.17 1.14 23.27 10673.18 139775883.32 0.0504100749 29.12 50155414129512267382784.00
GM1 1.00 170 35 6684123.43 -18.06 0.21 4.92 2.53 1.05 18.72 11768.30 104882662.68 0.0313353425 33.90 81670960942908769828864.00
GM1 1.00 171 84 16495018.93 -15.81 5.76 -11.79 3.04 1.38 20.54 10519.43 124657190.34 0.0412992420 39.84 59561451138708087504896.00
GM1 1.00 172 16 3163385.24 -21.04 1.70 -1.21 1.07 0.43 21.14 10907.99 64279981.15 0.0163889127 18.99 85690316502457676464128.00
GM1 1.00 173 16 3232595.75 -21.89 1.01 4.79 2.25 1.14 22.43 12619.48 36448061.39 0.0033110015 33.86 190036686287589118836736.00
GM1 1.00 174 15 3021424.09 -25.73 5.79 2.39 1.08 0.52 26.48 11587.95 52500860.73 0.0103332191 19.34 111114651331158995894272.00
GM1 1.00 175 2 439817.27 -23.74 3.59 5.55 0.50 0.48 24.64 14434.77 26637940.57 0.0007057772 33.91 308541767000122246299648.00
GM1 1.00 176 5 875805.29 -24.24 0.74 6.89 0.56 0.41 25.21 13596.21 27062520.05 0.0009313509 20.27 273588450351647540903936.00
GM1 1.00 177 36 6780502.40 -25.46 5.87 -4.67 1.87 1.08 26.54 11239.26 66488601.57 0.0166919293 31.99 89484008395636165574656.00
GM1 1.00 178 2 442183.69 -22.97 -2.46 7.23 0.13 0.13 24.20 15509.55 23313594.35 0.0003278215 4.68 387710113306675314163712.00
GM1 1.00 179 4 763182.06 -17.51 4.53 -7.74 0.54 0.37 19.67 12256.14 32657752.45 0.0022327108 24.45 192365998434762738368512.00
GM1 1.00 180 5 962180.33 -19.18 0.68 -2.20 0.45 0.34 19.31 12563.49 37435256.61 0.0029864399 37.21 179560430677221684805632.00
GM1 1.00 181 2 330776.13 -19.03 5.25 -6.44 0.19 0.18 20.77 13985.17 26525202.79 0.0007994287 16.42 289901270430265378865152.00
GM1 1.00 182 2 465889.74 -30.05 1.64 -21.82 0.02 0.02 37.17 15733.84 14252784.87 0.0000676720 0.28 562101118034004242595840.00
GM1 1.00 183 10 2018264.65 53.93 -20.84 36.34 1.13 0.61 68.29 15540.81 10853941.63 0.0000336573 9.51 670689067311206034833408.00
GM1 1.00 184 2 322346.60 51.90 -39.59 58.30 0.56 0.41 87.52 13287.05 13588611.77 0.0001227534 13.28 443324428110842682146816.00
GM1 1.00 185 3 479121.52 50.04 -39.67 57.07 0.65 0.55 85.64 13977.41 10041561.32 0.0000410369 13.25 593817622115146243506176.00
GM1 1.00 186 6 1124864.67 57.20 -43.08 61.88 1.32 0.89 94.64 14700.97 9547065.23 0.0000330247 16.19 678141613539803080425472.00
GM1 1.00 187 3 534739.37 55.14 -41.87 60.59 0.67 0.50 92.01 14191.21 11118955.22 0.0000492160 10.21 564514587263148041961472.00
GM1 1.00 188 4 697448.46 56.30 -41.10 61.49 0.58 0.42 92.95 13088.53 12437366.81 0.0000895893 8.13 454478412913995818205184.00
GM1 1.00 189 8 1268373.23 19.37 -26.73 35.54 0.94 0.65 48.50 14783.15 16622986.92 0.0001393700 12.84 457376682363230160420864.00
GM1 1.00 190 6 1300940.51 22.86 -32.55 35.43 0.92 0.64 53.27 26880.27 18909438.48 0.0000198080 17.74 1158944161104436133888000.00
GM1 1.00 191 13 2491715.36 65.50 -20.92 34.49 1.71 1.06 76.92 15049.22 11090530.62 0.0000437648 11.49 633616206521461072986112.00
GM1 1.00 192 3 579267.13 61.24 -20.19 36.34 0.67 0.42 74.02 26945.80 11261184.26 0.0000051332 7.81 1650002275029906070962176.00
GM1 1.00 193 2 468027.66 33.71 -24.99 37.46 0.50 0.47 56.25 72009.41 32427256.07 0.0000000543 18.18 4234028340341410560475136.00
GM1 1.00 194 4 741202.86 34.31 -23.05 36.08 0.68 0.39 54.87 18490.38 11695703.42 0.0000209934 14.23 852022823506912688996352.00
GM1 1.00 195 3 505255.69 50.21 -25.32 36.67 0.66 0.45 67.13 33079.59 11143986.30 0.0000023148 10.78 2350213174059034495418368.00
GM1 1.00 196 15 2968768.43 34.13 -18.71 33.09 1.03 0.61 51.08 13059.22 18974042.24 0.0003530237 16.70 334520522796808563326976.00
GM1 1.00 197 3 633295.41 74.51 -9.28 16.80 0.44 0.32 76.95 37800.16 13978928.15 0.0000023982 10.79 2522563554019998261313536.00
GM1 1.00 198 2 312339.53 62.45 -11.26 27.82 0.02 0.02 69.29 18808.67 9465932.06 0.0000120212 2.03 1012651889637324406915072.00
GM1 1.00 199 5 969686.71 72.54 -9.51 17.29 0.96 0.65 75.17 19823.79 7815544.13 0.0000066556 7.51 1260082510199622614384640.00
GM1 1.00 200 2 455249.87 72.95 -8.58 18.49 0.49 0.46 75.74 20971.71 7461376.87 0.0000049258 5.03 1429421602424593397579776.00
GM1 1.00 201 8 1503210.49 62.17 -11.79 26.50 0.93 0.53 68.61 17803.50 10952321.88 0.0000213614 9.71 840534485975269839470592.00
GM1 1.00 202 5 1086974.39 24.85 -17.77 32.85 0.56 0.31 44.86 16488.93 14124581.26 0.0000539966 13.09 616227735930338426224640.00
GM1 1.00 203 18 3693556.38 50.53 -15.62 28.69 2.09 1.29 60.17 15336.14 18788738.96 0.0002082358 17.36 450319434093640900673536.00
GM1 1.00 204 30 5363226.79 30.22 -22.81 32.51 2.37 1.26 49.91 11779.87 27415912.83 0.0019521746 20.40 221095582322212279943168.00
GM1 1.00 205 3 511100.25 75.23 -23.91 29.53 0.68 0.46 84.29 27737.59 6804798.61 0.0000013550 5.14 2438993740686216581349376.00
GM1 1.00 206 4 822239.31 18.71 -19.35 24.33 0.62 0.37 36.28 14699.26 16934060.09 0.0001468491 10.25 446589921295498548871168.00
GM1 1.00 207 18 3419140.47 41.39 -8.49 29.96 1.67 0.67 51.80 12680.35 21732974.14 0.0007066759 13.56 292927108898266416152576.00
GM1 1.00 208 48 9415462.43 9.28 -14.80 33.79 2.90 1.38 38.03 10405.19 42815168.17 0.0093795863 24.18 121805870385206009004032.00
GM1 1.00 209 12 2135691.02 10.76 -18.07 27.85 0.71 0.38 34.90 11876.75 27886303.71 0.0015772702 11.39 208149577921707722670080.00
GM1 1.00 210 175 32855859.56 2.37 -13.01 30.39 6.90 2.93 33.14 10131.58 111422946.09 0.0427627475 31.17 81339185224667449262080.00
GM1 1.00 211 35 6431510.93 5.79 -20.16 34.25 3.53 1.83 40.17 13626.44 21206680.29 0.0006760333 32.75 352136050616808375320576.00
GM1 1.00 212 6 1267571.13 2.41 -17.57 32.02 1.35 0.96 36.61 14654.05 19729547.40 0.0002534913 22.97 398907573319154047909888.00
GM1 1.00 213 332 61794106.77 -11.40 -6.44 19.42 13.09 5.63 23.42 11030.14 90698169.09 0.0292912397 42.76 95301354286043975647232.00
GM1 1.00 214 56 10779598.11 -18.28 -0.42 11.74 3.00 1.47 21.73 11895.27 220944088.55 0.0767197210 37.63 75216238858929012998144.00
GM1 1.00 215 53 9758924.08 -14.62 -4.18 10.82 2.76 1.30 18.66 11073.48 257940353.65 0.1023698506 33.51 56334721436930864578560.00
GM1 1.00 216 4 808663.53 -13.60 -4.82 -13.86 1.02 0.71 20.01 12112.93 29539160.64 0.0017262752 14.45 204851898419503192604672.00
GM1 1.00 217 15 2950358.48 -8.02 -0.61 -12.79 0.47 0.19 15.11 140957.11 11699341367.07 0.0225989274 11.71 256798607695103574147072.00
GM1 1.00 218 2 435609.05 -7.03 -3.95 -13.17 0.35 0.35 15.45 11352.93 35604828.74 0.0037463736 7.75 152238631100115633307648.00
GM1 1.00 219 2 431732.52 -17.48 1.39 -12.32 0.41 0.40 21.43 13066.98 26350135.25 0.0009955160 14.55 258414264704543924158464.00
GM1 1.00 220 18 3740901.04 -13.44 3.68 -11.35 0.61 0.29 17.97 10033.93 137663550.14 0.0526472751 13.42 40437242647488971669504.00
GM1 1.00 221 4 844988.32 -15.09 2.32 -11.25 0.47 0.26 18.96 11304.69 35691802.80 0.0038459650 16.14 151312921785019016413184.00
GM1 1.00 222 2 480527.26 -23.00 3.58 4.52 0.33 0.29 23.71 13051.38 32069516.79 0.0016487170 17.40 220645254706984745172992.00
GM1 1.00 223 3 665664.95 -24.71 -1.80 5.44 0.31 0.23 25.37 14458.62 28884321.73 0.0008604251 16.56 290372560777545196240896.00
GM1 1.00 224 2 393747.33 -24.53 4.48 -4.93 0.32 0.30 25.41 13220.26 31766039.08 0.0015429009 23.24 227559508734531730407424.00
GM1 1.00 225 2 389574.91 -28.11 4.27 0.69 0.04 0.03 28.45 13161.88 22668076.35 0.0006500443 3.17 293497547108303599828992.00
GM1 1.00 226 3 589790.86 -22.59 -5.49 -1.63 0.32 0.24 23.31 11794.41 33236986.02 0.0026114519 14.82 176389336997162901307392.00
GM1 1.00 227 2 436866.85 -17.11 -2.07 6.44 0.10 0.10 18.40 13547.39 38183252.85 0.0023241427 5.09 204757402653211007909888.00
GM1 1.00 228 14 2973594.68 -5.45 13.37 7.66 0.91 0.42 16.34 11016.87 92196117.29 0.0275685436 17.02 65823600832250520797184.00
GM1 1.00 229 14 2470988.17 -14.10 -3.60 7.55 0.60 0.36 16.39 11838.95 97858882.94 0.0269375095 32.35 68953622609979416510464.00
GM1 1.00 230 2 443507.61 -18.37 -0.99 0.15 0.38 0.36 18.40 13942.93 34775086.69 0.0016958731 23.87 234734285053371076313088.00
GM1 1.00 231 2 376600.83 -15.23 -2.63 5.04 0.24 0.22 16.25 12506.21 40397357.64 0.0039351681 17.36 163356064541359411822592.00
GM1 1.00 232 2 322584.40 14.70 4.14 0.12 0.23 0.17 15.27 10499.67 41486588.82 0.0090440379 15.55 106540236144086754525184.00
GM1 1.00 233 3 659170.80 -13.89 5.71 -9.63 0.49 0.33 17.84 11406.79 32931794.56 0.0029921956 12.18 166367874598366760402944.00
GM1 1.00 234 4 754899.75 -15.15 -3.55 -5.32 0.23 0.15 16.44 11576.86 45368711.65 0.0080383264 14.67 122089306146909636788224.00
GM1 1.00 235 6 1220836.44 -13.56 -0.22 -7.48 0.40 0.30 15.49 11582.80 52039541.43 0.0103485806 15.48 109343227056824747294720.00
GM1 1.00 236 6 1213705.99 -2.41 -12.57 29.38 0.99 0.64 32.05 14661.43 22915731.12 0.0004953781 29.74 361751162879318593372160.00
GM1 1.00 237 2 425736.17 -1.45 -10.84 29.70 0.25 0.25 31.65 39126.10 48164236.60 0.0001430441 16.88 1160860630098781942054912.00
GM1 1.00 238 6 1307583.33 10.30 11.65 16.18 1.10 0.62 22.44 13097.61 35361350.49 0.0025123077 30.84 212061339017363576586240.00
GM1 1.00 239 3 601493.48 6.92 10.92 22.14 0.25 0.16 25.63 12828.63 25982192.35 0.0009986528 4.56 253351189087190272442368.00
GM1 1.00 240 6 1231788.19 8.81 13.19 17.58 0.34 0.15 23.68 11549.99 39210962.66 0.0045600975 5.31 145469667430214525779968.00
GM1 1.00 241 3 649337.40 0.32 13.33 14.97 0.28 0.20 20.04 11200.35 37483785.60 0.0044643985 8.31 142429979949445748359168.00
GM1 1.00 242 19 4071954.28 -20.26 -0.81 21.38 0.16 0.06 29.46 11164.87 108975759.68 0.0341928684 3.43 56767510488741650104320.00
GM1 1.00 243 13 2507428.96 10.90 7.37 18.08 0.88 0.49 22.36 11177.70 57309271.23 0.0129121209 14.05 96335689945120419872768.00
GM1 1.00 244 3 696739.90 7.83 5.21 27.65 0.15 0.13 29.20 12743.99 23422665.16 0.0007796923 4.50 271042910677404903014400.00
GM1 1.00 245 3 475618.66 13.39 4.91 33.94 0.06 0.05 36.81 17038.04 13807532.10 0.0000446222 1.76 661473592868895809601536.00
GM1 1.00 246 24 3321648.02 -9.30 5.25 10.91 1.78 0.70 15.26 46067.79 1106392938.29 0.0690609658 25.39 183777219271459201875968.00
GM1 1.00 247 7 1475723.13 10.04 9.48 15.40 0.46 0.15 20.68 11093.55 56607545.75 0.0128121321 4.22 94541296812867849289728.00
GM1 1.00 248 2 251091.05 -1.25 8.16 50.60 0.21 0.21 51.27 20187.72 8950198.69 0.0000085749 4.91 1173746531319258672005120.00
GM1 1.00 249 2 366019.23 -8.46 15.71 23.36 0.15 0.13 29.40 13095.33 20301488.59 0.0004354375 3.26 318287905833674130587648.00
GM1 1.00 250 6 1086002.65 -5.11 8.33 14.51 0.36 0.14 17.49 10861.62 58341167.97 0.0141179942 7.73 88038323188805398429696.00
GM1 1.00 251 5 1063594.04 -3.58 43.30 19.02 0.40 0.26 47.43 15886.07 13540623.31 0.0000536935 5.37 599873208836263457587200.00
GM1 1.00 252 6 1281673.31 -0.11 10.22 18.23 0.95 0.35 20.90 11318.89 43872444.33 0.0079841452 16.54 125351852025553061150720.00
GM1 1.00 253 19 3742236.56 -6.57 7.02 15.42 0.76 0.44 18.17 10751.39 132139523.74 0.0466556623 19.72 46631453165794730442752.00
GM1 1.00 254 2 357734.92 -3.93 5.89 13.45 0.52 0.42 15.20 56380.03 472830034.66 0.0080922630 10.52 447614868648599985586176.00
GM1 1.00 255 5 1063128.74 -5.77 28.40 9.48 0.62 0.34 30.49 12961.67 27020296.64 0.0010495693 14.11 252581266977921880293376.00
GM1 1.00 256 2 429368.74 3.00 36.71 11.14 0.33 0.33 38.48 18861.13 12099753.41 0.0000209406 4.70 866781279745991768014848.00
GM1 1.00 257 2 330963.41 9.52 3.78 11.01 0.17 0.14 15.03 96496.89 812118676.82 0.0070094732 13.13 779868323822257691426816.00
GM1 1.00 258 5 762702.03 -7.67 5.41 12.97 0.41 0.21 16.01 11350.03 75549994.62 0.0218994767 21.11 73302597240688968990720.00
GM1 1.00 259 3 593257.03 -9.24 5.46 12.42 0.08 0.05 16.42 11414.70 83474643.67 0.0225194143 2.65 72318801814127361654784.00
GM1 1.00 260 2 395665.84 -12.89 3.78 9.49 0.25 0.23 16.45 11587.12 57521342.62 0.0129658729 13.85 97441640031213236256768.00
GM1 1.00 261 2 370874.38 -14.05 10.39 9.76 0.08 0.07 20.02 11249.45 34658442.02 0.0034734003 4.83 154660224381923662757888.00
GM1 1.00 262 2 455730.33 -14.16 28.58 17.22 0.23 0.22 36.25 13865.74 17973058.35 0.0002181460 4.89 386752545908183156129792.00
GM1 1.00 263 2 198521.02 -10.27 5.16 9.88 0.08 0.06 15.16 11586.75 92358132.35 0.0289568127 26.55 64536448038591627526144.00
GM1 1.00 264 3 662812.65 -24.26 0.65 10.03 0.67 0.44 26.26 30052.18 48707901.00 0.0002012100 24.64 731401479619338882252800.00
GM1 1.00 265 2 434988.59 13.07 11.57 12.86 0.01 0.01 21.68 12656.56 23460176.19 0.0008019209 0.43 267207371376860455763968.00
GM1 1.00 266 10 1715570.21 -11.56 3.11 9.92 1.37 0.74 15.55 84831.37 911702414.17 0.0209216668 30.34 611175753991426207121408.00
GM1 1.00 267 2 413312.44 -16.31 -0.22 11.17 0.07 0.06 19.76 13659.99 39647236.34 0.0025069957 6.90 201312041821153366376448.00
GM1 1.00 268 2 368909.29 -11.72 4.05 14.31 0.02 0.02 18.94 11251.06 35348452.88 0.0037353531 3.66 151165045539103813140480.00
GM1 1.00 269 21 4456089.58 14.88 23.08 0.50 1.10 0.65 27.47 10992.82 55006093.16 0.0120997967 29.15 98272186624962608496640.00
GM1 1.00 270 24 5090196.67 8.09 23.02 1.22 1.63 0.76 24.43 11435.70 68197586.01 0.0163308221 26.35 98158943191983827451904.00
GM1 1.00 271 7 1485076.19 7.90 25.67 -1.81 0.86 0.58 26.92 13967.51 32380788.47 0.0013160225 12.71 253711345326245474729984.00
GM1 1.00 272 5 1066594.38 6.87 26.35 0.27 0.98 0.58 27.24 24758.24 45466483.07 0.0005684232 28.01 554002309180435659227136.00
GM1 1.00 273 2 424183.65 16.80 30.67 -1.78 0.37 0.37 35.02 23361.35 21386698.04 0.0000282871 15.05 846120923404010338123776.00
GM1 1.00 274 3 636277.71 6.13 21.29 1.97 0.26 0.19 22.24 14139.83 27518798.53 0.0008148411 17.66 292009478357681459691520.00
GM1 1.00 275 7 1340292.47 8.23 -2.52 22.87 0.65 0.23 24.43 11291.03 38880613.43 0.0051564101 8.31 140570071040487713669120.00
GM1 1.00 276 2 225621.80 -12.31 1.51 10.24 0.45 0.38 16.08 11640.04 53994443.46 0.0121660018 8.18 101987082419430915833856.00
GM1 1.00 277 9 1908885.93 -1.11 21.74 1.78 0.63 0.31 21.85 11246.87 40939042.49 0.0058653005 13.11 132720088684482999091200.00
GM1 1.00 278 11 2333216.66 0.98 17.18 1.50 1.23 0.63 17.27 12633.94 48442824.94 0.0069178166 36.86 149306183627744642859008.00
GM1 1.00 279 10 1827071.49 20.43 7.20 12.43 0.44 0.20 24.98 11317.90 36677116.15 0.0039755449 9.72 149157113570030658781184.00
GM1 1.00 280 4 848378.43 4.09 22.01 0.92 0.81 0.45 22.40 14040.54 36417686.12 0.0017706261 49.88 231976711895286353494016.00
GM1 1.00 281 18 3757432.92 3.25 19.30 0.79 1.94 1.19 19.59 12992.58 36278277.20 0.0025146195 43.67 202434026673461677522944.00
GM1 1.00 282 2 424889.87 13.90 12.18 8.61 0.08 0.08 20.39 12034.87 27061813.23 0.0013655598 3.69 218585797656875154538496.00
GM1 1.00 283 2 451044.74 18.57 12.79 8.52 0.27 0.26 24.10 15371.81 22402235.08 0.0002930184 8.92 394720823819031243915264.00
GM1 1.00 284 2 408698.44 32.65 10.57 8.36 0.03 0.03 35.32 19312.92 12598743.27 0.0000211663 1.52 872666035814601444032512.00
GM1 1.00 285 4 830325.89 16.46 9.63 6.17 0.46 0.25 20.04 11480.25 30361305.09 0.0021913667 8.55 181959545532862544478208.00
GM1 1.00 286 4 821973.71 44.29 12.39 0.36 0.32 0.23 45.99 17751.61 11710200.71 0.0000244748 7.60 794736430501973612036096.00
GM1 1.00 287 4 637877.80 31.02 5.43 3.48 0.24 0.15 31.68 16546.05 16183880.73 0.0000776637 6.09 564691568784911986851840.00
GM1 1.00 288 2 321883.33 -9.31 11.35 8.68 0.09 0.09 17.06 11410.13 42130712.09 0.0063424549 0.21 129925361247765877751808.00
GM1 1.00 289 4 848373.57 0.02 22.39 3.67 0.58 0.46 22.68 12882.68 30619876.67 0.0014866034 19.34 226411094226668850511872.00
GM1 1.00 290 4 848363.11 16.55 24.77 0.77 0.39 0.24 29.80 12694.49 28559799.21 0.0012843924 23.98 233129584076110581202944.00
GM1 1.00 291 2 424180.17 17.90 24.60 -0.18 0.38 0.38 30.42 16817.53 21827810.36 0.0002219580 21.94 481414596902638774648832.00
GM1 1.00 292 2 424825.13 14.13 23.91 -4.78 0.04 0.04 28.18 15069.77 18386094.09 0.0001670265 2.39 439237008911609859407872.00
GM1 1.00 293 4 770268.56 37.80 16.29 -1.53 0.64 0.31 41.19 16101.90 13650468.68 0.0000534909 7.63 606474154363412126105600.00
GM1 1.00 294 3 639575.23 17.22 8.50 14.36 0.19 0.14 23.98 12783.62 30670429.97 0.0015572991 3.76 221241055635085876789248.00
GM1 1.00 295 3 636274.17 31.83 20.87 14.28 0.76 0.52 40.66 47649.33 31040341.77 0.0000076334 18.48 2191028253270580750450688.00
GM1 1.00 296 4 854554.13 23.64 15.06 14.66 1.09 0.59 31.63 18306.80 21771815.74 0.0001744803 16.23 552676048573972277624832.00
GM1 1.00 297 2 430556.53 109.99 -50.54 72.11 0.35 0.35 140.90 28068.50 3946365.01 0.0000004581 3.42 3576556832924247479287808.00
GM1 1.00 298 2 445455.00 119.11 -52.24 61.43 0.26 0.26 143.84 28541.62 3004308.08 0.0000002586 4.60 4421109388665476668719104.00
GM1 1.00 299 2 389967.15 83.53 -51.25 78.05 0.54 0.49 125.28 27148.81 9030817.52 0.0000040793 12.76 1944300547416625311121408.00
GM1 1.00 300 2 350060.51 91.70 -56.73 79.76 0.46 0.43 134.12 28330.69 2927718.95 0.0000002555 4.84 4458376959102447104557056.00
GM1 1.00 301 2 339169.09 103.40 -48.03 79.59 0.59 0.45 139.04 42574.23 10596640.42 0.0000014078 0.65 3711023715505147448655872.00
GM1 1.00 302 2 458119.28 126.90 -48.33 70.24 0.42 0.41 152.88 30330.60 3753649.68 0.0000003126 2.76 4224291632901793869987840.00
GM1 1.00 303 2 310885.80 133.60 -52.90 73.28 0.50 0.49 161.30 26978.09 2878073.21 0.0000002911 3.00 4141146050063518138368000.00
GM1 1.00 304 2 467006.07 83.53 -48.03 77.67 0.42 0.39 123.76 15157.96 7611625.41 0.0000148991 7.37 817156286464802781396992.00
GM1 1.00 305 2 424184.32 17.97 25.15 1.24 0.36 0.36 30.93 17923.76 20368264.53 0.0001072067 27.16 557531415194672272769024.00
GM1 1.00 306 43 8526418.12 -5.84 -8.42 22.44 2.37 1.06 24.67 10722.04 84344949.12 0.0271618733 30.62 86599079078142081499136.00
GM1 1.00 307 2 443303.36 -3.21 -11.87 28.65 0.34 0.33 31.18 14141.88 20681564.65 0.0003763806 28.22 362696903949854997217280.00
GM1 1.00 308 2 367138.32 -12.74 -2.41 10.51 0.08 0.07 16.69 13823.69 61622543.02 0.0087380917 11.26 135205041781119272353792.00
GM1 1.00 309 2 373498.43 -12.00 -2.75 -9.58 0.37 0.32 15.60 12442.69 32890028.19 0.0021719163 16.17 195183307081342009737216.00
GM1 1.00 310 2 413133.19 -6.45 -14.14 -23.89 0.07 0.06 28.50 15839.93 14534309.37 0.0000747814 1.70 551432804041270029713408.00
GM1 1.00 311 2 437238.15 -1.40 -6.90 23.68 0.14 0.14 24.71 39486.10 61450833.47 0.0002203463 16.05 993901147904884990803968.00
GM1 1.00 312 2 396907.31 -8.92 -7.40 19.42 0.28 0.26 22.61 59551.34 92193139.07 0.0000796853 29.10 1536731201278022453821440.00
GM1 1.00 313 2 383121.71 1.06 -11.52 -12.15 0.10 0.08 16.78 11232.04 36370216.61 0.0041117507 2.76 146521192073203831275520.00
GM1 1.00 314 2 320340.72 -13.80 -2.93 -11.70 0.37 0.27 18.33 12714.34 25014082.90 0.0009791560 13.85 252778357441134107557888.00
GM1 1.00 315 2 444463.44 -12.16 -8.77 -12.21 0.26 0.25 19.34 11636.29 30233966.61 0.0021175335 22.17 186138190355180080332800.00
GM1 1.00 316 2 384803.07 -18.02 -9.34 -1.52 0.25 0.21 20.36 13521.15 27935070.53 0.0010253804 17.79 261874981714804575567872.00
GM1 1.00 317 2 432268.72 -14.27 -11.33 -5.98 0.14 0.13 19.17 12101.79 33966514.16 0.0025774434 6.53 181408196579561670967296.00
GM1 1.00 318 4 765001.19 18.25 -15.62 26.80 0.46 0.41 35.99 15506.60 15375044.67 0.0000871176 15.11 523520024946830731116544.00
GM1 1.00 319 8 1420982.87 11.20 13.41 23.23 1.12 0.72 29.07 13415.44 22861140.45 0.0006247491 24.69 304829880929412750245888.00
GM1 1.00 320 5 1006367.98 10.29 14.97 28.83 0.37 0.22 34.08 12829.72 22399482.92 0.0006829225 6.20 283563975591064074452992.00
GM1 1.00 321 4 779502.78 11.59 -7.66 28.91 0.21 0.13 32.07 14614.03 18023409.33 0.0001784013 2.68 422468161896959705088000.00
GM1 1.00 322 11 2260747.92 11.78 -10.51 26.13 1.09 0.48 30.53 11497.16 33127688.80 0.0030362387 10.84 171036645983793044258816.00
GM1 1.00 323 6 1230685.19 23.04 -14.45 31.27 0.68 0.41 41.44 15215.11 16695351.33 0.0001227658 12.59 479736788271670373646336.00
GM1 1.00 324 8 1652902.78 13.60 -23.69 37.94 1.16 0.65 46.75 13233.62 19189220.87 0.0004174162 16.33 344116645403445195440128.00
GM1 1.00 325 4 715873.04 14.05 -25.80 38.09 1.05 0.65 48.10 16677.59 12625057.51 0.0000398676 20.46 683898837929684482654208.00
GM1 1.00 326 6 1263423.82 13.41 -25.11 30.66 1.08 0.67 41.84 12751.01 25225893.21 0.0009602114 25.80 257218650909716187709440.00
GM1 1.00 327 10 1835392.69 16.49 -22.59 29.74 1.04 0.56 40.83 12533.19 21547446.20 0.0007432244 11.37 288429232724054168829952.00
GM1 1.00 328 2 440391.78 24.05 -27.07 45.71 0.16 0.16 58.31 26460.35 21063762.71 0.0000219023 21.69 1056038225706310067814400.00
GM1 1.00 329 2 378130.64 18.45 -20.09 40.36 0.46 0.38 48.71 19611.78 12368804.54 0.0000192236 2.48 904981725756244329758720.00
GM1 1.00 330 4 530873.85 10.78 -13.08 35.73 0.52 0.43 39.54 16455.33 17913358.86 0.0001088516 28.70 521645462070111301009408.00
GM1 1.00 331 2 448138.13 9.81 -14.05 37.71 0.35 0.34 41.42 29169.21 14931217.79 0.0000071453 19.02 1565845288813380159668224.00
GM1 1.00 332 2 362690.99 28.99 -27.77 37.67 0.53 0.45 55.05 15183.04 17029322.95 0.0001375619 15.47 473164224327142032277504.00
GM1 1.00 333 2 387680.35 28.67 -27.10 37.03 0.04 0.04 54.10 12444.88 21110457.07 0.0006415382 2.61 280867583621317842173952.00
GM1 1.00 334 2 388997.43 18.36 -27.96 35.97 0.47 0.42 49.12 15459.11 15508940.59 0.0000955906 16.77 518878879633694401757184.00
GM1 1.00 335 67 12516128.60 -19.81 7.22 -11.69 2.20 1.28 24.11 10194.61 109173848.80 0.0388824223 37.32 51798869075684422057984.00
GM1 1.00 336 3 616327.87 -1.83 6.25 -64.27 0.39 0.33 64.60 23431.54 5711508.80 0.0000021362 4.70 1979918976355537321459712.00
GM1 1.00 337 3 571799.40 -5.68 20.07 -47.48 0.23 0.14 51.86 52291.81 17117776.86 0.0000001467 3.45 3661937653875971171811328.00
GM1 1.00 338 2 384704.36 -2.92 6.88 -47.97 0.26 0.23 48.55 66642.54 21383539.62 0.0000000525 7.63 4781350266092845329809408.00
GM1 1.00 339 45 8465993.29 -23.80 8.52 -5.76 1.99 0.85 25.93 9787.13 99010676.77 0.0368661246 24.89 57215063498615680925696.00
GM1 1.00 340 61 11988962.80 -19.50 8.58 -8.56 2.14 1.10 22.96 10492.28 160681499.15 0.0612113790 37.82 57990007592186772717568.00
GM1 1.00 341 2 335654.15 -23.82 6.65 -2.81 0.69 0.48 24.89 15302.00 33225532.72 0.0010186990 14.20 289687994891505846190080.00
GM1 1.00 342 10 2053220.21 74.31 -43.76 68.54 2.03 1.19 110.16 16145.21 7945182.20 0.0000138480 10.83 884181072088738419441664.00
GM1 1.00 343 3 669807.85 -60.73 12.44 -17.69 0.30 0.24 64.46 59774.13 15640055.61 0.0000000626 2.90 5017688504846146387050496.00
GM1 1.00 344 3 566778.15 -48.51 13.48 -22.66 0.20 0.13 55.21 20937.40 8293216.66 0.0000063072 3.05 1320740371643789530365952.00
GM1 1.00 345 2 369556.85 27.08 -25.89 45.67 0.26 0.22 59.07 11471.24 19289241.31 0.0006563434 8.86 260584989200545554104320.00
GM1 1.00 346 2 297055.52 30.66 -25.32 41.98 0.42 0.40 57.82 22022.20 16114809.08 0.0000205932 3.50 923791431321126466224128.00
GM1 1.00 347 3 494372.14 29.71 -24.88 40.66 0.46 0.26 56.17 13738.08 16891497.62 0.0002001675 15.65 399474127998362916487168.00
GM1 1.00 348 2 320776.72 28.51 -25.48 43.35 0.44 0.43 57.80 15388.36 17955722.38 0.0001471838 35.87 463557443266462129061888.00
GM1 1.00 349 2 266391.07 40.62 -32.17 48.90 0.42 0.35 71.25 15210.22 13339025.20 0.0000725957 7.92 569308688352437308751872.00
GM1 1.00 350 2 311761.75 31.36 -29.82 45.83 0.26 0.18 63.03 13401.13 13722128.48 0.0001096342 3.41 441871910523654484525056.00
GM1 1.00 351 2 247036.21 22.85 -24.21 40.97 0.44 0.36 52.79 16908.95 19651877.55 0.0001965358 42.91 520996669347136624656384.00
GM1 1.00 352 3 600694.33 25.59 -24.69 39.55 0.57 0.49 53.18 13592.93 17283488.91 0.0002215474 8.96 384901664260110436794368.00
GM1 1.00 353 2 312602.42 76.28 -42.78 63.69 0.29 0.28 108.19 16688.84 5774081.70 0.0000059837 3.05 1156541702634268134473728.00
GM1 1.00 354 2 426829.25 72.06 -42.41 62.38 0.30 0.30 104.32 18031.97 5735844.01 0.0000046393 5.21 1323559216740944677175296.00
GM1 1.00 355 3 589990.50 68.40 -43.46 65.23 0.52 0.48 104.03 14812.24 8513895.29 0.0000207581 10.48 728307964553515128324096.00
GM1 1.00 356 7 1353520.33 77.62 -44.36 69.88 1.74 1.03 113.47 15341.89 8028613.43 0.0000164909 7.62 807864455082146204221440.00
GM1 1.00 357 3 485691.59 77.09 -43.66 71.34 0.66 0.46 113.74 20308.76 7649401.08 0.0000063875 11.78 1340605703692485597855744.00
GM1 1.00 358 3 534496.29 68.01 -41.52 64.23 0.34 0.29 102.35 13863.28 10392161.77 0.0000438353 4.83 568140634973225609068544.00
GM1 1.00 359 2 426922.12 70.11 -43.40 65.93 0.46 0.46 105.57 16278.35 7871377.54 0.0000127787 13.49 898601934978508386205696.00
GM1 1.00 360 2 296992.64 68.27 -40.33 64.45 0.57 0.45 102.18 16424.43 8755899.46 0.0000171657 3.90 856587922985381525454848.00
GM1 1.00 361 3 465979.24 57.85 -46.29 63.26 0.35 0.31 97.42 22719.03 4913254.16 0.0000015868 5.47 2172345945122472401567744.00
GM1 1.00 362 5 993805.29 64.27 -54.23 66.81 1.15 0.78 107.40 21361.13 5939452.74 0.0000030032 11.54 1722171730663839572688896.00
GM1 1.00 363 2 376719.71 76.37 -15.25 21.48 0.37 0.33 80.78 19939.02 6727036.65 0.0000047554 1.31 1411494491180220190556160.00
GM1 1.00 364 2 429331.71 76.57 -11.42 16.40 0.23 0.22 79.13 59877.34 15462842.78 0.0000000609 7.69 5104043269313797417861120.00
GM1 1.00 365 5 919683.04 74.96 -16.39 21.99 0.65 0.55 79.82 21049.09 6804936.70 0.0000040175 7.16 1532140026466988365709312.00
GM1 1.00 366 2 424168.26 82.78 86.91 29.47 0.50 0.50 123.59 20006.07 4866444.77 0.0000022589 4.06 1775211929486171991703552.00
GM1 1.00 367 2 381969.51 84.21 -25.10 25.44 0.49 0.42 91.48 29564.23 4129552.93 0.0000004003 2.45 3797167114766134961766400.00
GM1 1.00 368 2 448334.44 89.46 -25.03 22.10 0.43 0.41 95.49 23863.63 3423920.97 0.0000006226 3.19 3003651446462189550960640.00
GM1 1.00 369 4 820999.95 92.76 -26.08 20.07 0.71 0.64 98.43 31480.50 5087196.66 0.0000005136 6.04 3666775904721384117370880.00
GM1 1.00 370 3 495519.56 102.85 -44.22 75.62 0.61 0.50 135.10 19807.54 5895032.50 0.0000036558 2.69 1520883287638828092751872.00
GM1 1.00 371 2 431900.33 98.84 -43.29 73.97 0.39 0.39 130.82 17587.46 5578998.93 0.0000046986 10.62 1292110018380859673935872.00
GM1 1.00 372 2 327370.85 100.81 -45.10 76.52 0.44 0.31 134.36 18225.89 6486679.83 0.0000059369 3.89 1240405768892390123241472.00
GM1 1.00 373 2 251275.46 99.17 -44.35 76.33 0.48 0.39 132.77 18017.47 6205778.18 0.0000055292 4.10 1252823725117561322340352.00
GM1 1.00 374 3 534229.12 81.95 -47.29 75.43 0.72 0.60 121.00 15227.35 8283561.27 0.0000176164 4.47 775808397235132114665472.00
GM1 1.00 375 2 260942.59 85.68 -47.61 77.78 0.34 0.27 125.13 17817.79 7088730.30 0.0000076488 18.89 1122452816137582725300224.00
GM1 1.00 376 2 386235.10 83.59 -47.61 74.60 0.33 0.27 121.73 16588.49 6957660.32 0.0000091719 7.43 1008744173304418511355904.00
GM1 1.00 377 2 370478.01 81.04 -47.48 78.55 0.51 0.43 122.44 17865.93 5508494.99 0.0000044585 11.79 1343115576118416913727488.00
GM1 1.00 378 4 967928.67 80.51 -42.90 71.05 0.88 0.73 115.63 14993.15 8591749.68 0.0000211788 13.51 742674721546540559630336.00
GM1 1.00 379 2 437080.75 87.65 -41.74 70.27 0.32 0.31 119.84 20439.33 4943420.04 0.0000022507 9.23 1805024588866117074681856.00
GM1 1.00 380 3 512778.80 81.01 -41.87 68.67 0.53 0.49 114.16 16806.82 5484559.82 0.0000055163 10.99 1221701097191450630684672.00
GM1 1.00 381 2 436108.93 95.73 -44.03 70.47 0.26 0.25 126.76 23836.27 4692321.30 0.0000012289 2.55 2427376805470060180144128.00
GM1 1.00 382 3 506280.26 88.09 -43.94 75.40 0.57 0.49 124.00 16219.07 8209579.05 0.0000154534 7.16 879260651727534078033920.00
GM1 1.00 383 2 346153.32 87.13 -44.54 72.70 0.54 0.40 121.90 15282.44 8740865.79 0.0000201862 2.97 753405423730083072311296.00
GM1 1.00 384 2 378302.00 86.52 -44.02 73.91 0.56 0.47 122.01 15090.12 9131204.73 0.0000235549 7.40 716782112524439367188480.00
GM1 1.00 385 3 524879.75 86.59 -46.33 75.33 0.92 0.68 123.77 15393.69 7323404.20 0.0000134442 11.11 867685419915219021332480.00
GM1 1.00 386 3 528159.50 77.43 -42.84 64.06 0.54 0.49 109.25 16695.11 5990828.54 0.0000064741 8.55 1128476090435934001037312.00
GM1 1.00 387 4 700940.12 83.09 -42.97 71.73 0.95 0.60 117.88 15043.60 8477416.82 0.0000196887 9.35 749805166271701505277952.00
GM1 1.00 388 3 598544.08 83.76 -43.03 65.79 0.73 0.55 114.87 16697.11 5571389.76 0.0000056139 8.52 1189001887722867821379584.00
GM1 1.00 389 2 318237.25 90.49 -43.65 77.03 0.29 0.28 126.60 23015.67 5241269.38 0.0000017669 9.24 2125786629451931979874304.00
GM1 1.00 390 2 307857.77 80.59 -45.10 74.03 0.59 0.41 118.36 17104.91 4861985.04 0.0000037751 8.96 1353463978333857608892416.00
GM1 1.00 391 2 292748.74 82.81 -45.68 73.67 0.51 0.48 119.88 15992.64 6061363.19 0.0000075652 13.32 1040081504489324157075456.00
GM1 1.00 392 5 976481.57 85.57 -43.20 71.39 1.08 0.71 119.52 13905.36 10121567.50 0.0000408312 8.52 581407789680995235528704.00
GM1 1.00 393 2 305470.08 85.88 -43.54 67.87 0.45 0.33 117.80 17503.99 5309123.36 0.0000042768 3.83 1324718456734826767581184.00
GM1 1.00 394 2 443999.65 24.88 -25.81 39.61 0.26 0.25 53.42 15038.41 15927518.37 0.0001172706 2.84 487439686222667432591360.00
GM1 1.00 395 3 586256.12 66.60 -43.21 65.14 0.80 0.54 102.70 16208.84 9195014.22 0.0000185879 12.52 803416933685426418352128.00
GM1 1.00 396 2 229248.19 78.29 -43.75 65.00 0.39 0.28 110.76 19829.17 5589363.34 0.0000032112 23.79 1579323678353683346620416.00
GM1 1.00 397 2 394368.92 83.39 -44.62 64.28 0.49 0.44 114.35 17475.86 5669964.49 0.0000049651 7.37 1264026786732509363175424.00
GM1 1.00 398 2 333655.82 80.53 -44.15 61.38 0.46 0.44 110.47 18788.12 4296875.09 0.0000022630 3.58 1742194932648285833265152.00
GM1 1.00 399 2 377629.92 87.24 -47.35 63.59 0.54 0.45 117.89 28141.15 3309480.78 0.0000003289 12.68 4056686540909563080605696.00
GM1 1.00 400 2 379934.58 67.11 -59.46 64.73 0.43 0.37 110.59 26279.10 3373983.93 0.0000004418 3.32 3559354700218887481327616.00
GM1 1.00 401 2 375362.34 66.53 -55.16 66.95 0.26 0.22 109.32 17024.16 6962375.75 0.0000085086 3.18 1051405261144461854900224.00
GM1 1.00 402 2 382931.95 149.33 -53.64 92.19 0.52 0.44 183.51 22011.21 1759438.06 0.0000002089 2.72 4105792891554286201208832.00
GM1 1.00 403 2 321213.03 87.27 -51.43 81.30 0.28 0.28 129.89 17408.87 4748390.98 0.0000034071 6.93 1416224244767012813799424.00
GM1 1.00 404 2 375329.49 107.52 -49.00 85.69 0.52 0.45 145.95 25872.48 4790932.70 0.0000009222 2.59 2749768550116593152032768.00
GM1 1.00 405 2 319558.82 99.99 -46.08 71.59 0.44 0.42 131.33 18665.99 4420781.48 0.0000023461 3.91 1669906065287076026253312.00
GM1 1.00 406 2 260940.86 97.56 -46.74 81.18 0.31 0.24 135.25 26991.22 4490607.96 0.0000007313 8.01 3082180560352996537401344.00
GM1 1.00 407 2 319115.75 97.34 -46.73 78.87 0.44 0.44 133.71 18824.18 5477218.29 0.0000036340 8.63 1467311375721248621330432.00
GM1 1.00 408 2 330619.93 105.08 -48.95 81.69 0.26 0.26 141.82 22647.68 4701504.26 0.0000014294 2.51 2218099151826822224674816.00
GM1 1.00 409 2 310671.75 91.16 -49.79 81.18 0.37 0.37 131.84 20887.12 5934765.78 0.0000030790 4.96 1654481454634396320530432.00
GM1 1.00 410 2 482709.53 79.45 -47.60 75.11 0.35 0.31 119.25 16097.02 6541471.26 0.0000087618 4.84 999463285772333615153152.00
