model linking_length pyfof_grp N clump_mass[Msol] com_x[kpc] com_y[kpc] com_z[kpc] max_r[kpc] clump_r_avg[kpc] r[kpc] avg_temp[K] avg_pressure[Pa] avg_nHden[cm^-3] vdist[km/s] entropy[K/(Msolkpc**3)**(2/3)]
GM1noBHs 1.00 0 15 2734967.29 -3.49 -7.24 15.38 0.47 0.30 17.36 11597.69 60976837.62 0.0132008163 20.17 97166058109447755005952.00
GM1noBHs 1.00 1 130 24186441.24 21.23 -11.19 38.75 8.52 3.97 45.58 11629.04 33726752.71 0.0048284994 29.93 191806106593226076979200.00
GM1noBHs 1.00 2 64 11951995.09 12.44 -8.45 33.01 4.91 2.08 36.28 10971.02 49314090.76 0.0120011561 31.50 138766329091921115348992.00
GM1noBHs 1.00 3 101 18852531.95 5.38 -5.28 27.37 6.09 3.14 28.39 11570.02 43750068.21 0.0076518799 37.33 146722673968513529413632.00
GM1noBHs 1.00 4 4 814212.21 9.34 -5.95 33.01 0.67 0.43 34.82 16603.85 18384302.59 0.0001206526 15.17 520733975865375003246592.00
GM1noBHs 1.00 5 4 789165.66 16.81 -17.71 24.27 0.53 0.37 34.43 32626.31 23548583.47 0.0000146254 7.25 1386861577977598494900224.00
GM1noBHs 1.00 6 16 2991001.64 10.21 -15.89 24.21 1.24 0.67 30.71 12597.83 31635225.05 0.0019399176 23.66 212475030922192287170560.00
GM1noBHs 1.00 7 6 1087839.84 10.57 -12.31 20.97 0.65 0.33 26.51 13974.70 24177705.01 0.0006140998 10.21 314724400345705252651008.00
GM1noBHs 1.00 8 4 780389.90 -16.95 -4.84 9.23 0.59 0.34 19.90 12518.33 34683302.84 0.0024001117 20.68 191953186744761139068928.00
GM1noBHs 1.00 9 7 1484669.88 8.76 32.28 8.46 1.05 0.67 34.50 13624.57 19744094.91 0.0003703065 16.89 357200526314995802177536.00
GM1noBHs 1.00 10 21 4464486.45 -1.66 18.87 9.89 1.12 0.70 21.37 11409.36 58938217.99 0.0125444387 25.86 102024244101095136165888.00
GM1noBHs 1.00 11 16 3393975.27 -5.87 23.03 5.18 1.28 0.54 24.32 11522.63 43758971.77 0.0074577883 20.49 136754970709076507361280.00
GM1noBHs 1.00 12 13 2122338.33 -14.35 2.86 4.77 1.42 0.71 15.39 39828.73 847065560.82 0.0354956551 24.33 171617466013420762431488.00
GM1noBHs 1.00 13 20 4243981.62 12.04 31.36 3.47 1.44 0.85 33.77 12211.80 34907502.70 0.0029615593 23.23 188171800280046571094016.00
GM1noBHs 1.00 14 36 5912659.22 -13.37 5.18 5.31 3.63 1.79 15.29 54622.26 1030885260.36 0.0279907303 37.93 296019538775445866545152.00
GM1noBHs 1.00 15 3 636436.44 -3.78 25.48 4.97 0.58 0.46 26.24 18621.06 19480625.58 0.0000753042 13.55 612444101362828598837248.00
GM1noBHs 1.00 16 4 807804.73 -14.96 6.17 8.41 0.12 0.10 18.24 11302.86 69114879.42 0.0167247340 3.31 83736089343741761945600.00
GM1noBHs 1.00 17 7 1487005.26 -18.40 16.26 8.74 0.73 0.39 26.06 11874.89 35003696.39 0.0029354806 12.51 174176265854310284263424.00
GM1noBHs 1.00 18 2 292693.00 -13.51 4.37 8.31 0.59 0.40 16.45 99596.70 660619036.26 0.0043143461 16.86 964877008950027266031616.00
GM1noBHs 1.00 19 17 2597952.49 -15.71 2.27 0.94 1.61 0.60 15.90 42678.90 665669173.18 0.0366334686 23.45 253869367713889345601536.00
GM1noBHs 1.00 20 2 252767.89 -13.02 6.49 3.95 0.09 0.09 15.07 11543.60 68754022.06 0.0171555699 12.73 84200983866981950160896.00
GM1noBHs 1.00 21 3 196049.58 -14.28 2.33 -4.73 0.46 0.28 15.22 11786.06 40017198.44 0.0047201828 15.32 146734437846536815640576.00
GM1noBHs 1.00 22 28 4680805.06 -15.34 -0.10 -1.82 2.84 1.22 15.45 63671.94 743765169.49 0.0217286675 32.12 415508211013790277304320.00
GM1noBHs 1.00 23 5 979676.69 34.37 -14.91 41.53 0.94 0.54 55.93 25543.36 12917902.40 0.0000080992 23.93 1377568841123863893901312.00
GM1noBHs 1.00 24 3 533713.52 31.97 -14.68 41.16 0.63 0.49 54.15 18917.05 12123883.51 0.0000221743 20.74 865314803704580158783488.00
GM1noBHs 1.00 25 2 461569.29 0.66 -7.08 28.11 0.02 0.02 28.99 63799.11 51725878.59 0.0000005241 6.52 2526839198904432182951936.00
GM1noBHs 1.00 26 5 853684.25 3.28 -8.33 25.29 0.54 0.30 26.83 13374.36 27553193.68 0.0010545489 16.32 261928987043843446669312.00
GM1noBHs 1.00 27 2 375334.87 28.43 -15.68 40.97 0.32 0.28 52.27 16661.26 15985780.93 0.0000777474 5.42 576878668880950625042432.00
GM1noBHs 1.00 28 6 1232774.31 29.80 -15.02 40.51 1.07 0.72 52.48 15457.54 15105508.10 0.0000925828 12.21 531446449829079108550656.00
GM1noBHs 1.00 29 2 417573.66 27.89 -14.45 39.92 0.41 0.40 50.80 13352.90 17673639.39 0.0002526396 6.39 366323639856264151826432.00
GM1noBHs 1.00 30 6 1215283.09 -13.26 -3.79 -6.20 0.58 0.40 15.13 46842.67 565010052.31 0.0207487116 22.14 291056669245466667384832.00
GM1noBHs 1.00 31 3 330873.35 -14.40 -2.22 -4.13 0.17 0.13 15.14 10548.80 72433341.08 0.0216585084 18.77 68997414110467339583488.00
GM1noBHs 1.00 32 8 1484004.12 -6.99 -2.38 18.82 0.82 0.58 20.22 14030.97 35188109.93 0.0016309787 25.87 235718518970649975717888.00
GM1noBHs 1.00 33 53 9997776.41 -9.56 -2.67 14.60 3.99 1.50 17.66 14486.92 77740028.06 0.0179308835 56.12 166099531454780679389184.00
GM1noBHs 1.00 34 2 338603.86 -15.85 -5.76 5.67 0.22 0.17 17.79 12451.76 32449203.13 0.0020143585 17.42 200043233637187129966592.00
GM1noBHs 1.00 35 2 456551.55 -10.93 5.54 9.52 0.38 0.37 15.51 103557.01 931129576.71 0.0096277562 17.00 818167222664865607843840.00
GM1noBHs 1.00 36 3 404963.02 -16.36 3.51 13.33 0.15 0.10 21.39 12142.67 34396286.43 0.0025889970 4.64 181285078098584163844096.00
GM1noBHs 1.00 37 6 1192464.53 -12.02 -4.12 11.21 0.30 0.24 16.94 12215.73 47870227.15 0.0075316529 26.96 131393162402360706727936.00
GM1noBHs 1.00 38 14 2342990.81 -14.00 -4.15 10.73 1.19 0.74 18.12 12201.15 46667446.87 0.0070791826 38.44 135591816750947803070464.00
GM1noBHs 1.00 39 5 981320.00 102.90 -31.14 72.28 1.21 0.72 129.54 15051.87 7787590.66 0.0000160297 6.17 790758983907815257538560.00
GM1noBHs 1.00 40 2 369609.99 97.73 -29.89 71.70 0.33 0.29 124.84 15815.08 5636530.18 0.0000069025 4.17 1076971581976757045035008.00
GM1noBHs 1.00 41 2 425837.74 118.97 -31.09 70.60 0.31 0.31 141.80 18632.62 5267289.37 0.0000035380 11.83 1482112952713374603411456.00
GM1noBHs 1.00 42 5 808297.01 102.21 -27.81 67.43 1.07 0.70 125.56 14346.15 8747850.89 0.0000264855 5.94 683599967275398643843072.00
GM1noBHs 1.00 43 4 583069.52 92.70 -28.16 67.97 1.05 0.80 118.35 14185.89 9043721.83 0.0000288182 8.18 649148753799810465660928.00
GM1noBHs 1.00 44 2 458753.03 110.30 -29.57 71.55 0.22 0.20 134.76 14990.76 8457796.49 0.0000195230 2.69 743303109226117642321920.00
GM1noBHs 1.00 45 2 431189.25 112.10 -29.78 74.95 0.22 0.21 138.10 16284.00 6296552.79 0.0000079547 5.23 1045955437519438511865856.00
GM1noBHs 1.00 46 4 643877.24 106.25 -29.59 73.09 0.77 0.63 132.31 15554.22 6781573.46 0.0000113633 9.13 931760979574021777522688.00
GM1noBHs 1.00 47 2 287982.11 108.62 -29.96 74.37 0.33 0.30 135.00 15767.70 6519046.07 0.0000096144 6.17 971638707151747833397248.00
GM1noBHs 1.00 48 2 376085.00 111.68 -27.83 70.12 0.49 0.45 134.77 17713.69 6122162.88 0.0000059229 4.36 1233763898361045822996480.00
GM1noBHs 1.00 49 2 343166.03 112.32 -29.68 68.83 0.42 0.39 135.04 15358.11 7202633.40 0.0000126489 5.54 862565695804697735069696.00
GM1noBHs 1.00 50 2 372709.29 112.45 -31.26 78.08 0.33 0.28 140.42 16510.60 6421191.86 0.0000078533 1.90 1053247117320293288247296.00
GM1noBHs 1.00 51 2 386118.89 117.20 -31.82 88.48 0.27 0.24 150.26 37256.80 7041768.95 0.0000006997 7.51 3894217821582855346585600.00
GM1noBHs 1.00 52 2 468076.54 115.33 -32.75 85.38 0.36 0.34 147.18 17503.34 4985261.88 0.0000037598 4.08 1378188213984273899716608.00
GM1noBHs 1.00 53 2 406910.26 110.97 -32.44 78.32 0.58 0.48 139.64 17006.85 5512915.95 0.0000051616 4.73 1228307404073528268423168.00
GM1noBHs 1.00 54 2 336943.30 108.88 -28.64 71.79 0.52 0.40 133.52 16303.15 7152880.25 0.0000103531 6.17 958998657257082984595456.00
GM1noBHs 1.00 55 2 387353.01 103.54 -28.86 71.44 0.28 0.23 129.06 15236.85 6711635.91 0.0000111396 10.28 895362371283674529267712.00
GM1noBHs 1.00 56 2 243526.74 117.74 -36.10 84.80 0.52 0.41 149.52 18859.56 5370587.47 0.0000035067 2.33 1485613189546314485989376.00
GM1noBHs 1.00 57 2 251259.64 116.75 -35.85 98.08 0.60 0.49 156.64 37371.40 3503162.97 0.0000001158 3.41 6254172771397188345397248.00
GM1noBHs 1.00 58 2 364761.28 117.32 -34.80 92.86 0.27 0.24 153.62 27500.19 5088791.47 0.0000007742 1.37 2910568590375274275667968.00
GM1noBHs 1.00 59 2 273136.56 116.25 -33.94 79.56 0.70 0.43 144.90 25577.17 7944578.09 0.0000023949 7.24 1908410069234747877359616.00
GM1noBHs 1.00 60 2 374672.85 116.82 -35.89 80.83 0.48 0.42 146.52 20383.14 4223271.43 0.0000016206 2.81 1992949614345498866483200.00
GM1noBHs 1.00 61 2 386948.47 107.64 -31.14 74.28 0.40 0.33 134.44 15965.90 6576569.49 0.0000091895 5.89 979051423685560619761664.00
GM1noBHs 1.00 62 2 483556.61 108.91 -32.20 76.59 0.35 0.34 136.98 16414.91 5399930.87 0.0000054741 3.62 1172279460699504560308224.00
GM1noBHs 1.00 63 2 353846.89 113.42 -32.92 75.74 0.47 0.38 140.30 20731.99 4947447.63 0.0000022421 5.02 1852145687733815599955968.00
GM1noBHs 1.00 64 3 527420.54 102.02 -33.58 71.47 0.79 0.49 129.01 19337.90 4502621.35 0.0000025787 6.05 1797672914469050218708992.00
GM1noBHs 1.00 65 2 318498.32 104.56 -35.38 75.54 0.44 0.44 133.76 26976.64 3484867.68 0.0000004134 9.70 3632733546109618458984448.00
GM1noBHs 1.00 66 2 287081.24 145.40 -36.27 73.60 0.30 0.20 166.95 38314.76 4264760.78 0.0000001294 2.61 5720781955895714832711680.00
GM1noBHs 1.00 67 2 313378.70 122.68 -32.43 65.94 0.59 0.42 143.00 17376.84 5468679.26 0.0000047226 2.64 1284000697600293436653568.00
GM1noBHs 1.00 68 2 403197.32 128.99 -35.41 69.77 0.56 0.48 150.87 19436.82 5678994.56 0.0000036058 6.68 1506760809046196376043520.00
GM1noBHs 1.00 69 2 386067.46 117.87 -33.28 64.85 0.15 0.13 138.59 19827.27 4855954.51 0.0000023873 7.20 1732649453301796039557120.00
GM1noBHs 1.00 70 2 378104.97 91.82 -32.94 64.78 0.27 0.23 117.10 18205.04 5533284.45 0.0000041927 1.51 1371332170537207456595968.00
GM1noBHs 1.00 71 4 636977.70 73.19 -22.73 58.75 0.72 0.57 96.57 13054.29 12757946.50 0.0001023275 7.52 445442048074364875702272.00
GM1noBHs 1.00 72 5 1201054.20 71.04 -21.81 59.89 1.34 0.86 95.44 13349.24 13475998.34 0.0001114975 8.68 445665257225239658496000.00
GM1noBHs 1.00 73 3 553045.73 73.19 -21.30 59.30 0.91 0.65 96.57 13950.91 11682366.34 0.0000595140 4.66 528721661994805506342912.00
GM1noBHs 1.00 74 4 525870.52 72.08 -19.21 59.38 0.96 0.67 95.35 17775.36 8503324.42 0.0000123769 15.35 995453865905799500398592.00
GM1noBHs 1.00 75 2 446183.44 90.11 -32.52 66.40 0.43 0.41 116.56 17692.81 6032732.65 0.0000057097 9.13 1238561106482783749931008.00
GM1noBHs 1.00 76 7 1304156.20 87.80 -24.74 61.28 1.74 1.09 109.89 15291.53 9420672.94 0.0000275092 13.41 725990516525078945988608.00
GM1noBHs 1.00 77 4 781424.40 83.76 -24.66 60.07 0.78 0.66 105.98 13113.04 11419195.54 0.0000728899 8.18 486395916370788262871040.00
GM1noBHs 1.00 78 3 600464.80 87.13 -26.66 62.52 0.93 0.62 110.50 14238.11 10233082.85 0.0000383329 13.10 598588589572084474052608.00
GM1noBHs 1.00 79 3 473559.55 87.35 -24.41 58.53 1.04 0.65 107.95 20754.02 5313384.23 0.0000025177 14.07 1768970479741249593016320.00
GM1noBHs 1.00 80 2 316742.92 79.07 -25.75 58.84 0.46 0.34 101.86 14351.29 8942688.11 0.0000267563 5.50 668664907056476132999168.00
GM1noBHs 1.00 81 2 403259.81 82.45 -25.03 59.14 0.31 0.29 104.51 13589.74 10030286.44 0.0000426071 12.65 561929358179305420488704.00
GM1noBHs 1.00 82 2 434139.76 80.78 -25.66 58.76 0.41 0.41 103.13 14354.52 8572245.98 0.0000237805 3.46 688258056911737868779520.00
GM1noBHs 1.00 83 3 306056.24 90.25 -25.40 65.65 0.88 0.58 114.46 17129.70 6782756.35 0.0000082650 6.92 1089007361708292749393920.00
GM1noBHs 1.00 84 2 442120.34 85.32 -25.45 64.13 0.36 0.36 109.72 14911.82 10143150.90 0.0000350308 3.07 657821526257893925453824.00
GM1noBHs 1.00 85 6 1184275.95 84.80 -25.78 62.80 1.56 0.93 108.63 13108.62 12306764.98 0.0000932563 9.29 462234667504138574626816.00
GM1noBHs 1.00 86 4 523400.66 84.75 -24.40 61.47 0.98 0.67 107.50 13922.73 10985934.53 0.0000515026 4.14 550527799598163012091904.00
GM1noBHs 1.00 87 2 436169.23 84.19 -26.05 61.36 0.35 0.34 107.39 12733.40 12880554.35 0.0001149879 4.71 423437552496780075073536.00
GM1noBHs 1.00 88 2 379412.56 76.39 -24.18 61.30 0.53 0.44 100.89 12373.50 13632255.99 0.0001447964 3.07 385846940779482609352704.00
GM1noBHs 1.00 89 6 973365.07 78.12 -24.04 60.77 1.25 0.80 101.85 12751.72 12637380.64 0.0001189326 3.19 435645154425404225748992.00
GM1noBHs 1.00 90 6 1107897.46 78.07 -25.82 60.80 1.34 0.93 102.27 12603.64 13319375.27 0.0001505515 8.53 413322068212081246601216.00
GM1noBHs 1.00 91 2 234967.61 80.97 -25.41 63.03 0.24 0.22 105.71 14982.23 8710276.12 0.0000214639 3.11 728759716300805757730816.00
GM1noBHs 1.00 92 2 459624.37 77.42 -25.61 64.25 0.24 0.23 103.82 16586.44 10486408.51 0.0000243126 1.59 761255951112490903928832.00
GM1noBHs 1.00 93 3 649938.94 77.22 -25.60 62.67 0.77 0.53 102.69 12609.41 14013314.94 0.0001489265 6.27 390720736877784281907200.00
GM1noBHs 1.00 94 2 437056.24 75.99 -24.17 62.88 0.30 0.29 101.55 14840.81 10516563.63 0.0000418788 1.70 641644487702348556140544.00
GM1noBHs 1.00 95 2 309240.81 78.14 -24.11 62.97 0.54 0.43 103.21 15365.97 9881725.00 0.0000297349 8.16 707175272918440166293504.00
GM1noBHs 1.00 96 2 446643.84 81.89 -25.48 60.50 0.28 0.28 104.96 13012.21 12300822.62 0.0000924489 8.03 454189152943657290039296.00
GM1noBHs 1.00 97 4 766051.51 75.07 -24.09 60.28 0.88 0.64 99.24 12954.32 14148421.40 0.0001406235 4.62 408486061492306362499072.00
GM1noBHs 1.00 98 2 377394.26 79.11 -28.84 62.52 0.58 0.50 104.88 22059.89 7169322.54 0.0000040664 12.04 1598584725038531543564288.00
GM1noBHs 1.00 99 2 385620.17 80.75 -26.83 63.15 0.51 0.43 105.96 14964.68 8609006.41 0.0000219287 6.21 736878818182110518444032.00
GM1noBHs 1.00 100 3 443130.08 70.50 -20.19 57.82 0.79 0.47 93.39 14799.30 12251796.49 0.0000561078 16.81 566709795541538096283648.00
GM1noBHs 1.00 101 2 442453.02 75.45 -23.65 58.01 0.45 0.43 98.07 14809.70 9883412.42 0.0000335322 5.20 662018270355117423198208.00
GM1noBHs 1.00 102 2 440767.50 72.01 -21.43 57.65 0.30 0.30 94.70 14799.29 11088258.04 0.0000418506 1.49 605241446482108349415424.00
GM1noBHs 1.00 103 3 536606.91 91.18 -21.79 45.21 0.89 0.66 104.08 23535.32 4333709.72 0.0000010729 9.10 2504522940728478936334336.00
GM1noBHs 1.00 104 3 602251.72 108.62 -26.35 50.84 0.65 0.51 122.79 27583.20 3696419.60 0.0000004460 8.09 3642767112886663052787712.00
GM1noBHs 1.00 105 2 402813.63 108.48 -27.80 48.98 0.58 0.47 122.23 35047.85 4710941.14 0.0000002367 15.30 4611560190583156399669248.00
GM1noBHs 1.00 106 2 365639.41 104.25 -27.11 61.42 0.25 0.22 124.00 17759.06 4334431.40 0.0000026212 1.00 1556906521965463477420032.00
GM1noBHs 1.00 107 2 370898.70 98.68 -26.31 63.41 0.17 0.15 120.21 17363.48 6916602.55 0.0000078905 5.33 1092847392717483441913856.00
GM1noBHs 1.00 108 55 9849988.20 31.75 -11.94 46.31 4.21 1.91 57.41 11484.89 27675385.00 0.0031597756 22.78 220409001352032346439680.00
GM1noBHs 1.00 109 3 641256.53 45.57 -18.12 48.71 0.62 0.51 69.12 39700.04 16436648.26 0.0000033954 9.24 2478563182092747288870912.00
GM1noBHs 1.00 110 8 1480611.44 45.22 -11.58 48.37 1.46 0.88 67.22 12886.70 16840825.17 0.0003046787 17.93 361434920882056015642624.00
GM1noBHs 1.00 111 5 959162.27 47.06 -13.56 49.73 0.77 0.62 69.80 12531.76 16225521.79 0.0003085767 12.41 357216187124250274955264.00
GM1noBHs 1.00 112 5 941394.27 45.61 -9.81 49.57 1.27 0.75 68.08 14763.96 13074896.99 0.0000902682 19.85 565844237623007008260096.00
GM1noBHs 1.00 113 121 20813928.67 39.44 -13.43 49.24 5.93 3.18 64.50 11066.69 26247909.73 0.0027581139 19.62 210103706662601752576000.00
GM1noBHs 1.00 114 2 428242.37 97.70 -37.46 72.66 0.34 0.34 127.39 24920.76 3448059.32 0.0000005483 7.59 3202383079117865359507456.00
GM1noBHs 1.00 115 2 320307.71 95.68 -22.52 52.58 0.57 0.39 111.48 22472.23 5025709.17 0.0000016917 1.10 2094150130266320685498368.00
GM1noBHs 1.00 116 2 194715.34 97.17 -23.83 53.72 0.17 0.13 113.56 20208.84 4971225.74 0.0000023480 0.75 1763980169395853819117568.00
GM1noBHs 1.00 117 2 321548.43 96.29 -23.72 52.17 0.39 0.37 112.05 19468.23 5112436.34 0.0000028298 6.72 1626776021805695873581056.00
GM1noBHs 1.00 118 2 368323.16 128.68 -36.03 66.34 0.42 0.36 149.19 20755.06 4429468.65 0.0000016926 4.07 1992705693192464652828672.00
GM1noBHs 1.00 119 3 477666.86 99.21 -27.75 68.66 0.63 0.45 123.80 14481.59 7951651.01 0.0000199320 4.88 736840997830075894202368.00
GM1noBHs 1.00 120 2 398167.78 96.84 -28.16 69.56 0.51 0.42 122.51 13914.58 9466927.41 0.0000352572 4.08 611552085792848321970176.00
GM1noBHs 1.00 121 2 437697.64 121.67 -35.99 63.88 0.50 0.49 142.06 19976.99 3702403.69 0.0000013040 6.35 2113346074398201900695552.00
GM1noBHs 1.00 122 2 323934.60 110.69 -28.67 65.92 0.33 0.33 131.98 18051.20 6175949.02 0.0000054347 5.37 1258561984541989516869632.00
GM1noBHs 1.00 123 2 259358.96 119.54 -31.96 67.01 0.83 0.50 140.72 17951.07 5443640.61 0.0000042140 2.33 1360459446917879539171328.00
GM1noBHs 1.00 124 2 198391.06 106.42 -26.50 63.07 0.15 0.14 126.51 16600.50 5198743.69 0.0000048316 2.68 1228382504852692112769024.00
GM1noBHs 1.00 125 2 432827.34 104.33 -27.09 64.23 0.50 0.49 125.47 15299.93 6546586.32 0.0000105981 9.20 922161145019845322997760.00
GM1noBHs 1.00 126 2 362733.15 105.85 -27.76 65.31 0.67 0.48 127.43 15356.49 6869005.22 0.0000114349 11.27 891189422402484691795968.00
GM1noBHs 1.00 127 2 338993.53 85.95 -28.63 62.92 0.34 0.32 110.30 15554.42 6692264.67 0.0000104754 1.82 928395467227228442460160.00
GM1noBHs 1.00 128 2 320629.64 85.79 -29.55 66.89 0.52 0.37 112.73 22625.72 6114992.16 0.0000026355 6.98 1857804685397162809360384.00
GM1noBHs 1.00 129 2 258449.99 115.54 -29.65 62.28 0.52 0.38 134.56 22172.21 4007459.88 0.0000011481 9.36 2397900755168460409929728.00
GM1noBHs 1.00 130 2 247150.36 98.95 -29.26 66.87 0.44 0.36 122.96 16934.37 6666721.58 0.0000092113 10.89 1102622592725136965632000.00
GM1noBHs 1.00 131 2 270183.10 106.09 -29.75 63.99 0.56 0.49 127.42 19832.03 5067166.52 0.0000029177 7.33 1714386422948624875913216.00
GM1noBHs 1.00 132 2 388387.74 112.99 -29.78 67.54 0.09 0.08 134.97 15048.64 8280371.44 0.0000183019 5.31 759869845603852033720320.00
GM1noBHs 1.00 133 2 387330.43 97.29 -26.46 64.27 0.45 0.37 119.57 14913.90 9532795.51 0.0000287887 3.34 684660766876996565204992.00
GM1noBHs 1.00 134 2 365575.68 94.60 -27.17 63.51 0.36 0.31 117.14 13841.76 10950780.03 0.0000508119 3.79 545435334587731234783232.00
GM1noBHs 1.00 135 2 383494.77 90.90 -29.43 67.87 0.42 0.37 117.19 14548.79 8377712.09 0.0000223099 3.96 716128947178782781865984.00
GM1noBHs 1.00 136 2 287834.23 98.56 -26.98 66.26 0.41 0.33 121.79 13538.10 9690495.59 0.0000395112 6.48 570131039382470685360128.00
GM1noBHs 1.00 137 2 226751.48 92.78 -25.66 65.97 0.47 0.46 116.70 17669.51 6156877.19 0.0000062594 19.86 1230631758308824255037440.00
GM1noBHs 1.00 138 3 493905.86 92.35 -28.27 65.05 0.79 0.45 116.45 13211.59 11244573.42 0.0000656303 4.60 494659199694037095284736.00
GM1noBHs 1.00 139 2 471362.61 96.54 -26.98 66.33 0.47 0.44 120.20 12697.04 12546332.72 0.0001022522 2.60 427712330089409829404672.00
GM1noBHs 1.00 140 2 227285.81 96.11 -29.06 65.47 0.43 0.30 119.87 14508.48 9712942.34 0.0000327419 1.73 643437146011136669253632.00
GM1noBHs 1.00 141 2 435381.47 98.89 -29.66 70.08 0.51 0.50 124.79 15065.12 6460422.65 0.0000105836 8.01 900588506780910609235968.00
GM1noBHs 1.00 142 2 265279.90 100.66 -36.02 73.82 0.59 0.47 129.92 29076.62 3748043.99 0.0000003629 4.23 3919155563644598129524736.00
GM1noBHs 1.00 143 2 326475.66 96.84 -26.70 61.73 0.49 0.37 117.90 20030.02 6046372.50 0.0000036482 13.52 1529493085339241831989248.00
GM1noBHs 1.00 144 2 258438.51 99.70 -26.13 65.17 0.63 0.50 121.94 15315.29 6650594.92 0.0000115392 4.92 923773815849367099146240.00
GM1noBHs 1.00 145 2 264267.00 94.24 -28.41 66.06 0.59 0.46 118.54 13241.98 11914008.27 0.0000767796 5.35 476775767940459862687744.00
GM1noBHs 1.00 146 2 331792.64 135.72 -41.10 72.64 0.38 0.28 159.33 33044.82 4785549.65 0.0000003465 2.39 4127086915010643424706560.00
GM1noBHs 1.00 147 2 344506.00 138.59 -39.85 78.49 0.55 0.42 164.18 31778.16 4231350.50 0.0000003093 1.41 4198897268005911067099136.00
GM1noBHs 1.00 148 7 1195989.28 46.04 -16.28 50.40 1.62 0.86 70.18 12862.43 15302627.25 0.0002613910 11.71 394028764445882338770944.00
GM1noBHs 1.00 149 3 585590.26 43.38 -16.25 50.42 0.86 0.65 68.47 17080.82 13303904.58 0.0000465354 21.60 687679023810427052097536.00
GM1noBHs 1.00 150 16 2801714.36 46.46 -14.77 51.75 1.79 1.12 71.10 12129.50 19216259.38 0.0006553248 12.99 304198826664791851925504.00
GM1noBHs 1.00 151 3 564317.32 38.45 -16.04 50.92 0.60 0.53 65.79 19101.91 11610516.70 0.0000204576 19.71 908225676699027627835392.00
GM1noBHs 1.00 152 9 1487186.65 53.59 -17.93 56.23 1.31 0.82 79.72 11641.62 17751397.49 0.0005745494 17.02 293242243885701812715520.00
GM1noBHs 1.00 153 31 6309244.18 54.11 -16.72 55.38 3.45 2.10 79.21 11850.31 18244047.22 0.0005364103 17.13 293861719442870990012416.00
GM1noBHs 1.00 154 3 422267.70 54.98 -15.64 52.94 0.68 0.43 77.91 22105.27 8772296.06 0.0000066676 21.60 1412375854040504558682112.00
GM1noBHs 1.00 155 11 1975863.55 50.46 -16.48 53.44 2.40 1.25 75.32 17351.01 17669305.30 0.0002335768 20.20 634031005498836338606080.00
GM1noBHs 1.00 156 7 1299665.43 58.89 -17.19 56.72 1.40 0.90 83.55 12140.79 17312685.77 0.0003819226 12.37 314650898692114980274176.00
GM1noBHs 1.00 157 5 867485.62 56.98 -17.50 57.98 0.99 0.74 83.16 14337.58 14668920.16 0.0001175589 16.80 476289924602114521169920.00
GM1noBHs 1.00 158 2 436502.63 59.50 -17.98 58.47 0.29 0.28 85.34 13834.27 14028601.84 0.0001164962 8.08 462362754145587700957184.00
GM1noBHs 1.00 159 9 1659907.36 60.88 -17.67 54.92 1.04 0.86 83.87 13109.46 16396613.23 0.0002534342 15.94 379686690586843798306816.00
GM1noBHs 1.00 160 9 1681838.04 65.18 -19.05 57.53 1.96 1.07 89.01 13223.15 14368921.69 0.0001527718 10.17 421579923463685340659712.00
GM1noBHs 1.00 161 2 439161.81 52.49 -18.37 55.35 0.26 0.26 78.46 12136.87 18286088.11 0.0004219012 12.41 299726598896822387736576.00
GM1noBHs 1.00 162 4 643608.46 66.07 -18.27 54.76 0.76 0.48 87.74 15974.19 10244637.85 0.0000267745 9.94 728680443022460059648000.00
GM1noBHs 1.00 163 7 1468119.98 62.53 -18.37 57.08 1.57 0.92 86.64 12909.62 15958359.17 0.0002432700 11.34 377209889383692520914944.00
GM1noBHs 1.00 164 3 438036.72 46.77 -9.37 50.49 0.45 0.35 69.46 25411.17 13158976.08 0.0000112973 13.15 1351326384660300731252736.00
GM1noBHs 1.00 165 2 427092.50 48.89 -14.18 51.99 0.37 0.37 72.76 15982.46 11649203.44 0.0000436509 15.21 680100658890842751107072.00
GM1noBHs 1.00 166 2 339949.73 43.83 -13.73 52.22 0.15 0.14 69.54 13527.30 12362471.68 0.0000791394 9.13 481155577084796351807488.00
GM1noBHs 1.00 167 2 454776.57 58.27 -15.19 57.37 0.52 0.49 83.17 15766.15 12583469.12 0.0000592685 20.63 631877417109634722824192.00
GM1noBHs 1.00 168 2 321033.94 59.87 -16.71 57.53 0.20 0.20 84.70 12635.85 15102375.09 0.0001889316 1.49 371995530558890026467328.00
GM1noBHs 1.00 169 2 315553.94 61.58 -16.39 55.54 0.49 0.47 84.53 14767.92 12689761.00 0.0000620955 2.11 549575583730044871114752.00
GM1noBHs 1.00 170 2 373879.89 94.03 -20.60 43.76 0.53 0.47 105.74 21166.96 5330492.32 0.0000023414 11.59 1819421449497256239562752.00
GM1noBHs 1.00 171 2 424177.83 84.71 81.25 46.90 0.46 0.46 126.40 19370.82 4883139.34 0.0000025969 1.81 1686114817204313846185984.00
GM1noBHs 1.00 172 3 602142.38 48.47 -15.64 52.93 0.60 0.36 73.45 14002.02 13701531.20 0.0001005105 10.71 479878912368272348282880.00
GM1noBHs 1.00 173 2 428351.49 63.35 -18.87 58.88 0.50 0.50 88.52 18364.54 13064518.55 0.0000418865 10.34 797890660265856168099840.00
GM1noBHs 1.00 174 2 445280.09 67.86 -18.17 54.37 0.48 0.48 88.83 19318.44 8691492.17 0.0000100211 12.14 1128914823902748871753728.00
GM1noBHs 1.00 175 2 370117.76 95.37 -27.74 64.94 0.25 0.21 118.67 12712.54 12536292.56 0.0001015905 1.37 428765812751900346417152.00
GM1noBHs 1.00 176 2 371584.04 96.44 -27.98 64.18 0.52 0.45 119.17 13991.77 9876185.86 0.0000371722 4.53 596251948885724083781632.00
GM1noBHs 1.00 177 3 530488.96 91.84 -27.91 54.15 0.81 0.39 110.21 26390.30 3957209.30 0.0000005974 3.65 3227141192882830228586496.00
GM1noBHs 1.00 178 2 259868.93 91.57 -26.76 64.92 0.47 0.37 115.40 13583.30 10294525.76 0.0000460233 1.92 550035977116061223878656.00
GM1noBHs 1.00 179 2 287582.53 90.51 -26.22 62.03 0.31 0.28 112.81 15335.38 7902843.65 0.0000160361 5.18 814602259597583651438592.00
GM1noBHs 1.00 180 8 1408439.39 65.45 -20.63 58.67 1.79 0.87 90.28 13892.08 13291155.41 0.0000941585 12.73 482460787996022794092544.00
GM1noBHs 1.00 181 3 483862.83 66.49 -23.55 58.71 0.71 0.57 91.78 18308.23 7912967.65 0.0000094894 9.71 1098478221620846409023488.00
GM1noBHs 1.00 182 2 419130.42 68.84 -24.22 58.37 0.11 0.10 93.44 15866.62 10348154.47 0.0000273036 3.44 712218328195844762763264.00
GM1noBHs 1.00 183 6 1206574.80 68.75 -20.82 58.65 1.53 0.96 92.73 13046.40 12483761.61 0.0000986158 8.93 453770630370606681423872.00
GM1noBHs 1.00 184 2 403696.30 80.56 -25.38 56.06 0.53 0.46 101.38 46853.72 9395936.03 0.0000003059 17.51 4712760725899058389975040.00
GM1noBHs 1.00 185 2 385369.41 77.35 -24.27 58.85 0.43 0.39 100.18 13445.43 11201601.23 0.0000601695 1.46 511272092607734735699968.00
GM1noBHs 1.00 186 2 437710.46 69.32 -23.31 60.26 0.44 0.44 94.76 14640.38 10253297.60 0.0000358485 8.07 626709754278435551707136.00
GM1noBHs 1.00 187 3 551170.29 76.34 -26.00 59.98 0.86 0.60 100.50 13769.87 11513543.14 0.0000817029 6.26 545558683165797612781568.00
GM1noBHs 1.00 188 2 376055.09 57.33 -19.55 56.84 0.44 0.39 83.06 17154.14 10260234.98 0.0000220704 16.58 831006651037409123237888.00
GM1noBHs 1.00 189 2 396141.00 60.47 -18.32 56.99 0.38 0.35 85.09 12334.81 15847713.34 0.0002554330 4.58 345740827710701527105536.00
GM1noBHs 1.00 190 2 437811.44 67.83 -19.52 56.64 0.43 0.43 90.50 14396.39 10725869.73 0.0000418171 6.32 590173744906668733366272.00
GM1noBHs 1.00 191 2 328854.45 61.31 -19.17 56.44 0.53 0.46 85.51 13781.58 14954418.48 0.0001580128 16.23 443216343960467007340544.00
GM1noBHs 1.00 192 42 8911831.97 23.31 35.01 1.89 2.62 1.14 42.10 10774.77 60524235.65 0.0158114809 24.82 108357553122654891802624.00
GM1noBHs 1.00 193 3 545266.87 84.14 -3.77 30.82 0.57 0.42 89.69 25495.39 5173794.61 0.0000012120 6.57 2555347088296165649678336.00
GM1noBHs 1.00 194 5 1000125.84 108.62 -7.32 25.69 1.38 0.79 111.86 31608.91 4261904.28 0.0000003436 5.60 4159495168101324351864832.00
GM1noBHs 1.00 195 2 208045.55 86.23 -3.48 28.79 0.47 0.46 90.98 53691.53 10961725.59 0.0000000850 18.18 5387791295534270181801984.00
GM1noBHs 1.00 196 3 608711.91 87.29 -3.07 31.57 0.61 0.44 92.87 34055.08 8317643.66 0.0000015731 6.50 3012859970657225707356160.00
GM1noBHs 1.00 197 3 636290.43 33.89 41.75 1.84 0.37 0.34 53.80 19412.70 11981231.92 0.0000184481 17.68 919083456268265815277568.00
GM1noBHs 1.00 198 3 587672.55 119.01 4.08 7.52 0.79 0.64 119.32 22151.34 4278402.86 0.0000012542 6.08 2281913269890145128022016.00
GM1noBHs 1.00 199 2 395194.45 118.55 5.20 6.31 0.40 0.37 118.83 21613.91 4444577.29 0.0000014807 2.15 2130331918006306666971136.00
GM1noBHs 1.00 200 3 522318.80 117.97 3.97 4.49 0.58 0.51 118.12 23382.19 3705818.08 0.0000008425 4.38 2776224067835383781523456.00
GM1noBHs 1.00 201 10 1999560.46 58.27 -2.63 13.59 1.17 0.69 59.89 17077.56 10199823.79 0.0000199742 10.38 819685184323733845704704.00
GM1noBHs 1.00 202 2 429128.35 51.19 58.74 9.09 0.45 0.45 78.44 44764.21 10968459.84 0.0000007015 11.80 3971917917296264157855744.00
GM1noBHs 1.00 203 4 848370.54 47.55 56.39 6.17 0.72 0.53 74.02 16982.97 7703243.40 0.0000104833 12.26 989236643452888348098560.00
GM1noBHs 1.00 204 2 424227.78 42.82 53.13 7.23 0.16 0.16 68.61 25853.36 11832732.87 0.0000057641 5.05 1499330554632737277345792.00
GM1noBHs 1.00 205 2 424199.87 39.94 52.08 5.98 0.45 0.45 65.90 17949.32 8807386.65 0.0000117076 8.70 989842531379737540952064.00
GM1noBHs 1.00 206 2 424197.93 41.24 52.30 6.09 0.46 0.46 66.88 17449.07 9296212.55 0.0000145816 7.03 911173650237221614125056.00
GM1noBHs 1.00 207 2 424186.49 40.79 51.99 2.95 0.45 0.45 66.15 18347.99 7436942.81 0.0000075152 2.99 1151736414478763328274432.00
GM1noBHs 1.00 208 2 424201.00 36.80 51.03 3.39 0.23 0.23 63.00 17971.93 7805909.63 0.0000089452 4.84 1076235514708487204503552.00
GM1noBHs 1.00 209 3 636291.98 27.81 48.62 2.32 0.28 0.22 56.06 62926.92 25998254.68 0.0000000814 12.27 3933765893582380949569536.00
GM1noBHs 1.00 210 2 424180.95 42.51 52.35 3.00 0.44 0.44 67.50 35034.02 13692772.77 0.0000028730 8.06 2265599571947494894993408.00
GM1noBHs 1.00 211 8 1696710.55 46.60 58.01 1.57 1.69 1.00 74.43 12987.02 14412727.27 0.0001638941 9.37 417952692123664069427200.00
GM1noBHs 1.00 212 4 851238.22 43.89 59.87 3.31 0.82 0.49 74.31 16101.86 9199788.13 0.0000182881 12.66 800561630007156377911296.00
GM1noBHs 1.00 213 2 424190.43 45.08 57.68 2.95 0.48 0.48 73.27 34421.12 18715750.92 0.0000043053 11.59 1783735270619408676945920.00
GM1noBHs 1.00 214 2 424173.63 23.37 45.05 2.09 0.44 0.44 50.80 45998.17 23127156.76 0.0000007025 5.83 2545454027930886633160704.00
GM1noBHs 1.00 215 11 2333182.86 38.84 43.78 7.99 1.76 1.02 59.06 17192.10 13225551.81 0.0000412396 20.66 704360902286536997863424.00
GM1noBHs 1.00 216 5 1060460.28 25.83 35.34 1.41 0.77 0.51 43.80 12645.30 25317198.22 0.0010696457 18.63 260928430323111758397440.00
GM1noBHs 1.00 217 26 5516221.19 26.88 37.40 -0.27 2.25 1.34 46.05 11913.87 29888793.90 0.0020173330 30.32 204170024115808013123584.00
GM1noBHs 1.00 218 5 1060445.84 24.19 38.82 3.40 1.14 0.69 45.87 17216.99 17011075.80 0.0000742975 21.89 589005338756525452165120.00
GM1noBHs 1.00 219 3 636293.72 29.84 39.74 3.31 0.77 0.55 49.80 24971.15 10635711.43 0.0000050383 7.61 1519981086697153919713280.00
GM1noBHs 1.00 220 2 424177.21 24.31 42.51 3.64 0.27 0.27 49.10 17709.73 12541727.45 0.0000288101 8.79 761112490532136762212352.00
GM1noBHs 1.00 221 2 424192.70 25.37 40.85 2.23 0.46 0.46 48.14 17960.67 13863912.50 0.0000355082 11.82 727840387291213536952320.00
GM1noBHs 1.00 222 3 636265.56 24.15 43.34 2.33 0.51 0.42 49.67 16570.65 13562410.50 0.0000460873 10.70 645388943441886974050304.00
GM1noBHs 1.00 223 2 424178.88 24.21 40.40 3.04 0.41 0.41 47.20 17496.67 16500244.17 0.0000630699 32.74 619180162115280062906368.00
GM1noBHs 1.00 224 2 424197.86 31.74 45.56 -0.78 0.23 0.23 55.54 58183.46 28592121.39 0.0000001378 9.34 3233151551008916790837248.00
GM1noBHs 1.00 225 4 849723.30 31.50 49.29 -1.69 0.72 0.46 58.52 16037.64 12011013.58 0.0000374174 10.05 663308160849300510736384.00
GM1noBHs 1.00 226 6 1275329.41 37.36 49.48 -3.53 1.40 0.93 62.10 15231.89 11651415.71 0.0000420921 10.64 621612062152539701772288.00
GM1noBHs 1.00 227 8 1691587.37 56.65 -0.46 -10.05 1.36 0.80 57.54 19007.84 9662779.83 0.0000128723 12.08 1028094806804498877513728.00
GM1noBHs 1.00 228 12 2545097.63 36.27 48.01 -1.61 2.61 1.31 60.19 16019.99 17879228.00 0.0001671267 17.97 517594387777903013134336.00
GM1noBHs 1.00 229 2 424177.97 33.00 45.38 -4.62 0.16 0.16 56.30 16165.55 16161811.55 0.0000824190 12.06 547688501804697873547264.00
GM1noBHs 1.00 230 3 636257.41 33.05 46.29 -5.72 0.46 0.33 57.17 33619.15 25558685.51 0.0000219732 10.79 1390298134791905213415424.00
GM1noBHs 1.00 231 2 424178.01 34.67 46.47 -3.02 0.41 0.41 58.05 16839.68 13864112.63 0.0000462786 19.88 653286618750158198800384.00
GM1noBHs 1.00 232 13 2759012.47 31.80 42.15 -4.73 1.47 0.92 53.01 14320.27 20092489.89 0.0002976338 22.70 383569409147322817839104.00
GM1noBHs 1.00 233 4 848359.58 32.93 43.89 -4.74 0.68 0.45 55.07 13623.66 17566174.78 0.0002274657 22.19 387353410590681572835328.00
GM1noBHs 1.00 234 2 424201.48 32.44 40.86 1.02 0.32 0.32 52.18 17839.99 14702820.69 0.0000421862 14.56 691234512636655479816192.00
GM1noBHs 1.00 235 2 424192.49 31.61 41.43 -0.04 0.26 0.26 52.11 16817.12 12936324.26 0.0000394250 9.67 685289306129393149542400.00
GM1noBHs 1.00 236 3 636276.81 30.18 39.98 0.76 0.52 0.38 50.10 15976.10 13193396.64 0.0000492386 27.98 618046631959967612010496.00
GM1noBHs 1.00 237 2 424200.18 30.84 41.60 0.86 0.38 0.38 51.79 21626.00 15261342.84 0.0000266204 14.86 939529582304423963525120.00
GM1noBHs 1.00 238 2 424179.34 30.75 50.95 -1.02 0.41 0.41 59.52 17964.09 10516365.49 0.0000172612 9.43 878775999210542063419392.00
GM1noBHs 1.00 239 10 2121087.74 29.53 38.52 -2.64 2.08 1.28 48.61 13325.51 22116376.36 0.0005992272 33.57 315500766831488888995840.00
GM1noBHs 1.00 240 2 312351.71 60.26 -5.42 13.53 0.43 0.36 62.00 26165.38 8049281.64 0.0000024146 9.30 1971169783171161056608256.00
GM1noBHs 1.00 241 2 412644.57 58.35 -9.76 24.87 0.34 0.32 64.18 15897.47 13127804.24 0.0000505674 15.57 609972731268276993130496.00
GM1noBHs 1.00 242 13 2162557.32 58.59 -11.09 24.08 1.52 0.64 64.31 13756.96 15383926.26 0.0001520902 10.88 432880771835092644397056.00
GM1noBHs 1.00 243 3 611224.55 36.82 -14.00 45.87 0.54 0.38 60.46 14972.43 15889481.53 0.0001306308 26.02 488536479941925556715520.00
GM1noBHs 1.00 244 4 770006.77 35.86 -17.11 47.76 0.93 0.68 62.13 27753.06 15675286.24 0.0000091805 16.14 1411128668388104991670272.00
GM1noBHs 1.00 245 3 522684.47 26.39 -13.47 43.36 0.71 0.58 52.52 15392.44 18679227.67 0.0001637350 23.71 449456526386366389420032.00
GM1noBHs 1.00 246 8 1570735.36 85.83 -19.04 19.75 1.25 0.66 90.10 28586.99 6103951.75 0.0000011217 9.50 2761029196256936588214272.00
GM1noBHs 1.00 247 2 387511.92 59.94 -8.87 15.23 0.54 0.46 62.48 20800.58 8570943.64 0.0000068156 18.78 1283153825498505943187456.00
GM1noBHs 1.00 248 2 375379.43 60.25 -10.43 25.80 0.45 0.38 66.36 18808.33 10548739.35 0.0000178612 10.28 954143520599694668464128.00
GM1noBHs 1.00 249 8 1388606.50 60.87 -8.16 14.14 1.07 0.75 63.02 18495.22 8260153.11 0.0000094969 12.49 1081576723691817104572416.00
GM1noBHs 1.00 250 5 951969.80 80.22 -18.92 34.57 0.85 0.57 89.38 16054.30 8208699.23 0.0000154455 10.64 861016268576965535989760.00
GM1noBHs 1.00 251 9 1534534.15 79.47 -12.03 31.62 1.48 0.82 86.37 17373.38 8114967.63 0.0000118086 10.57 991186182216826572767232.00
GM1noBHs 1.00 252 5 883070.41 74.14 -10.49 30.82 1.22 0.87 80.97 50895.79 12925656.71 0.0000003702 15.92 4395139886475296395755520.00
GM1noBHs 1.00 253 5 887071.90 86.29 -9.24 31.55 0.80 0.63 92.34 23514.01 6373832.27 0.0000028420 10.22 1941714301777392345022464.00
GM1noBHs 1.00 254 2 379566.10 108.00 -9.02 32.00 0.15 0.13 113.00 36360.39 4217699.17 0.0000001654 2.13 5285965079529704451473408.00
GM1noBHs 1.00 255 3 469198.57 80.59 -17.80 40.04 0.57 0.47 91.73 21210.80 7646624.84 0.0000049990 6.46 1430224840206387328843776.00
GM1noBHs 1.00 256 2 276371.53 81.63 -18.71 38.43 0.52 0.43 92.14 29414.44 12718965.41 0.0000054144 4.22 1758865614534408893628416.00
GM1noBHs 1.00 257 4 715962.63 86.27 -17.28 36.69 1.09 0.76 95.32 20410.52 5584102.30 0.0000029888 6.87 1664310541175756595134464.00
GM1noBHs 1.00 258 2 388010.28 80.09 -17.66 36.61 0.27 0.22 89.81 17223.30 6536491.31 0.0000071852 4.26 1120217939228116117356544.00
GM1noBHs 1.00 259 4 707687.97 78.55 -23.40 38.38 0.79 0.49 90.51 30155.85 7032391.99 0.0000023330 5.38 2799789805048639384453120.00
GM1noBHs 1.00 260 2 386683.86 80.55 -21.51 35.43 0.04 0.04 90.59 18708.83 7251945.05 0.0000068519 0.57 1201455837384686054670336.00
GM1noBHs 1.00 261 3 612577.71 45.42 -19.77 37.90 0.58 0.47 62.37 56947.87 20382948.43 0.0000001306 9.24 3884712360282023511719936.00
GM1noBHs 1.00 262 2 445552.41 79.44 -20.26 36.14 0.19 0.18 89.60 17999.00 8986957.84 0.0000124724 7.44 972535106956430636220416.00
GM1noBHs 1.00 263 3 639640.68 80.32 -12.00 30.46 0.70 0.55 86.73 18595.57 9281226.26 0.0000130219 6.46 1011578199134485224620032.00
GM1noBHs 1.00 264 2 319837.05 79.59 -21.86 37.85 0.34 0.26 90.81 18281.04 6962129.03 0.0000067974 11.52 1185213806129304523767808.00
GM1noBHs 1.00 265 11 2166990.72 35.45 -15.96 26.79 1.13 0.76 47.21 15771.05 15082031.10 0.0000837210 6.83 550959996995158423896064.00
GM1noBHs 1.00 266 3 642857.57 59.54 -11.59 25.30 0.75 0.58 65.73 15246.11 12771862.15 0.0000614330 9.02 588091381883492162863104.00
GM1noBHs 1.00 267 2 380291.24 93.30 -27.34 63.80 0.38 0.32 116.29 13387.57 10787253.35 0.0000550596 8.88 520245050167973914869760.00
GM1noBHs 1.00 268 2 312776.40 90.87 -27.49 66.27 0.54 0.40 115.78 13682.83 10738603.23 0.0000503620 4.50 540559423297886569365504.00
GM1noBHs 1.00 269 2 424170.04 82.92 85.87 46.80 0.41 0.41 128.22 17564.20 6324288.25 0.0000060432 5.10 1194246314011909880283136.00
GM1noBHs 1.00 270 7 1234601.42 71.26 112.96 37.33 1.20 0.77 138.68 489623.83 56041078990.08 0.0000001651 55.58 915528993273580523356160.00
GM1noBHs 1.00 271 2 424169.39 74.33 97.80 45.62 0.49 0.49 131.03 54811.92 12546994.61 0.0000000772 7.06 5194882861975245332414464.00
GM1noBHs 1.00 272 2 424168.66 80.13 87.70 47.87 0.30 0.30 128.07 25672.34 6777543.26 0.0000016940 1.84 2165407371738368853409792.00
GM1noBHs 1.00 273 22 4665850.81 67.34 123.29 41.66 0.40 0.16 146.53 9588.18 173569882.69 0.0688458915 5.01 31818907438189090177024.00
GM1noBHs 1.00 274 21 4453891.08 28.16 37.99 -3.55 2.17 1.06 47.42 11669.89 34939788.73 0.0038458719 33.63 178240952156653174652928.00
GM1noBHs 1.00 275 3 636369.49 28.98 38.97 -5.24 0.35 0.28 48.85 16544.29 21581064.12 0.0001933284 9.14 466947754548686252670976.00
GM1noBHs 1.00 276 5 1060450.39 35.69 45.74 -1.67 0.95 0.76 58.04 14460.47 15301091.18 0.0001140662 14.40 473299273378411598315520.00
GM1noBHs 1.00 277 5 1060437.52 41.80 54.83 -3.10 0.97 0.65 69.02 16257.32 9730265.32 0.0000224023 11.72 793264383247411830587392.00
GM1noBHs 1.00 278 3 645232.59 39.78 52.31 -3.55 0.67 0.54 65.81 20126.35 11807648.97 0.0000152486 9.89 986072756217275909931008.00
GM1noBHs 1.00 279 2 424168.74 45.57 60.76 -0.55 0.21 0.21 75.95 14644.50 10510847.93 0.0000372096 3.60 625853336781563229110272.00
GM1noBHs 1.00 280 5 1060441.10 43.47 55.83 0.62 1.58 0.95 70.77 15631.78 9917206.28 0.0000305215 10.64 746485276235698062491648.00
GM1noBHs 1.00 281 4 848350.09 42.21 54.81 -1.07 0.72 0.59 69.19 15263.58 9843315.02 0.0000268403 10.76 701817425234835527434240.00
GM1noBHs 1.00 282 3 636273.31 26.71 38.41 -2.77 0.12 0.09 46.87 12699.81 28886592.02 0.0013206398 10.81 231546535321855412142080.00
GM1noBHs 1.00 283 2 424183.91 24.10 43.93 0.61 0.41 0.41 50.11 26143.17 13991985.04 0.0000066838 14.52 1363732965499701458632704.00
GM1noBHs 1.00 284 2 434820.62 25.75 -0.44 27.89 0.25 0.24 37.96 38383.82 21886494.50 0.0000064412 17.22 1915187208743343441838080.00
GM1noBHs 1.00 285 5 1013558.12 46.03 -6.53 27.05 0.70 0.41 53.79 19399.78 9302004.02 0.0000105060 7.84 1081003396789090805350400.00
GM1noBHs 1.00 286 7 1342023.71 44.59 -4.31 15.04 0.64 0.40 47.25 15681.39 14603687.55 0.0000720786 6.50 554591647531948346179584.00
GM1noBHs 1.00 287 2 370619.58 29.89 1.85 30.92 0.08 0.07 43.05 70527.71 26533436.11 0.0000000479 7.81 4678804264012296449163264.00
GM1noBHs 1.00 288 2 424175.63 38.96 57.59 0.20 0.11 0.11 69.53 30063.83 7849018.91 0.0000011689 9.66 2549996588427992281120768.00
GM1noBHs 1.00 289 2 424186.12 39.77 51.13 1.51 0.28 0.28 64.79 19815.80 7491473.17 0.0000059274 6.76 1304670091568200932130816.00
GM1noBHs 1.00 290 2 408342.95 66.63 -25.14 59.19 0.44 0.36 92.60 48685.26 20443363.38 0.0000002893 6.39 2972561986559888712531968.00
GM1noBHs 1.00 291 2 431556.86 69.40 -22.36 58.02 0.29 0.29 93.19 13633.49 12270725.37 0.0000816290 4.07 494583597050799859957760.00
GM1noBHs 1.00 292 2 384681.17 69.68 -25.88 59.63 0.43 0.37 95.29 16935.19 8799486.40 0.0000146478 8.48 887198555659239394639872.00
GM1noBHs 1.00 293 2 325668.84 94.25 -29.44 66.52 0.48 0.48 119.06 14294.37 10771511.88 0.0000447394 7.66 581970850108175846211584.00
GM1noBHs 1.00 294 12 2047375.39 45.61 -17.18 28.06 1.16 0.56 56.24 16235.57 12453807.75 0.0000407152 13.50 656170328198998438969344.00
GM1noBHs 1.00 295 6 992863.39 36.87 -21.41 32.12 0.80 0.49 53.38 15162.59 14380618.34 0.0000858704 21.47 533192013742556489711616.00
GM1noBHs 1.00 296 2 265950.61 39.99 -22.33 32.20 0.39 0.33 55.99 41988.41 11359372.22 0.0000003195 7.21 3458480907130761017032704.00
GM1noBHs 1.00 297 11 1886007.40 37.11 -22.83 33.24 1.58 0.80 54.80 14675.14 14250246.36 0.0001199497 15.00 519551020742845763944448.00
GM1noBHs 1.00 298 2 390493.96 82.22 -20.06 39.87 0.47 0.43 93.55 20400.46 7448594.27 0.0000057540 3.95 1375456104296699425456128.00
GM1noBHs 1.00 299 3 696077.67 52.83 -20.86 54.57 0.81 0.58 78.76 16240.29 9110604.69 0.0000184080 13.93 810460859378267500576768.00
GM1noBHs 1.00 300 2 268581.86 57.36 -14.88 55.89 0.31 0.19 81.45 13941.54 11347227.60 0.0000616933 1.40 544431262147823370502144.00
GM1noBHs 1.00 301 6 1000602.27 14.43 -0.40 27.38 0.29 0.13 30.95 15076.03 19464763.65 0.0001976249 5.86 423261663834494673616896.00
GM1noBHs 1.00 302 5 631869.99 11.45 7.18 22.16 0.35 0.13 25.96 13026.20 23270598.68 0.0007233763 10.58 282022668289528664424448.00
GM1noBHs 1.00 303 2 441489.57 78.56 -21.66 40.53 0.48 0.47 91.01 27914.80 7183618.56 0.0000017327 6.87 2398329645051278044168192.00
GM1noBHs 1.00 304 2 431508.50 80.91 -21.27 39.76 0.49 0.48 92.63 18290.31 7952186.59 0.0000090540 7.33 1086139923782040836636672.00
GM1noBHs 1.00 305 2 344049.97 48.67 -10.18 48.27 0.41 0.40 69.30 34137.68 8411358.38 0.0000008657 3.38 2994604414451866727874560.00
GM1noBHs 1.00 306 2 234477.07 35.30 -11.33 45.82 0.36 0.28 58.94 19261.00 14192485.64 0.0000302481 23.95 800485011591236323115008.00
GM1noBHs 1.00 307 2 443292.71 51.70 -19.18 53.86 0.10 0.10 77.08 14384.39 12561727.34 0.0000652788 15.86 528094377690728836890624.00
GM1noBHs 1.00 308 2 280625.87 -10.93 -3.62 9.86 0.44 0.40 15.16 14238.03 43339643.15 0.0028022610 44.38 203911237119846977110016.00
GM1noBHs 1.00 309 2 433392.74 -9.72 7.11 9.42 0.23 0.23 15.29 132873.48 1752716244.59 0.0087857211 21.07 819296938006983133364224.00
GM1noBHs 1.00 310 4 726972.36 -8.31 8.79 9.75 0.70 0.61 15.54 66153.19 721664199.58 0.0117339647 20.34 453773079014353590550528.00
GM1noBHs 1.00 311 2 132361.17 -3.25 8.33 12.35 0.21 0.17 15.25 11686.95 67755060.91 0.0159854084 17.82 88471911067897991004160.00
GM1noBHs 1.00 312 3 436262.31 -6.03 7.69 11.67 0.58 0.38 15.22 78594.13 772332686.59 0.0122650135 21.18 575394584308654903656448.00
GM1noBHs 1.00 313 13 2429126.55 -0.55 -5.37 20.96 1.05 0.57 21.64 12228.19 36937346.61 0.0035042198 23.85 175908697847749696028672.00
GM1noBHs 1.00 314 2 366093.08 2.74 13.10 31.06 0.06 0.05 33.82 17556.08 13368456.92 0.0000359028 1.72 714028403180654416625664.00
GM1noBHs 1.00 315 2 372992.94 39.58 1.20 20.82 0.32 0.28 44.73 44968.80 17151325.73 0.0000004951 2.57 2941108216148857228099584.00
GM1noBHs 1.00 316 3 552597.82 -0.90 5.80 14.51 0.60 0.31 15.65 24730.40 175302632.51 0.0080818917 8.95 210500924112410148601856.00
GM1noBHs 1.00 317 24 5098434.40 0.10 68.84 -38.13 0.44 0.10 78.69 12789.13 27942870.82 0.0011820096 3.05 240723121140942350843904.00
GM1noBHs 1.00 318 3 636325.47 4.25 36.01 3.98 0.51 0.41 36.48 18886.63 13363813.61 0.0000263163 13.02 812134132400560457908224.00
GM1noBHs 1.00 319 10 2122116.46 2.39 35.19 8.41 1.27 0.75 36.26 13683.81 20473887.23 0.0003869137 18.33 347928810685063097221120.00
GM1noBHs 1.00 320 12 2316181.29 -8.04 -0.16 15.26 0.82 0.48 17.25 12001.77 53539512.96 0.0098925095 33.52 117674139944817153540096.00
GM1noBHs 1.00 321 2 424169.31 46.65 61.18 0.24 0.45 0.45 76.93 13144.96 12973258.59 0.0000965617 10.65 448857558579460102422528.00
GM1noBHs 1.00 322 3 636259.55 46.36 58.47 -0.04 0.28 0.27 74.62 12622.17 15879611.31 0.0002165216 7.34 363406009668460582273024.00
GM1noBHs 1.00 323 11 2101644.52 -6.89 2.13 17.43 0.91 0.56 18.86 12350.99 49910592.01 0.0078973810 29.52 132205937906012125134848.00
GM1noBHs 1.00 324 2 424557.55 38.87 51.34 -3.08 0.04 0.04 64.47 16465.17 11194563.46 0.0000278991 3.61 726960542638178234793984.00
GM1noBHs 1.00 325 5 1064057.13 9.21 39.18 8.37 0.80 0.60 41.11 46897.43 45603219.82 0.0000121990 21.29 1645825215158709810888704.00
GM1noBHs 1.00 326 5 1060499.97 6.59 33.60 8.12 1.14 0.75 35.19 16364.10 17400279.47 0.0001071880 22.48 534807500156064386514944.00
GM1noBHs 1.00 327 2 427945.07 32.16 50.86 -1.29 0.47 0.47 60.19 16326.42 12034903.44 0.0000363227 19.01 684305608054755043573760.00
GM1noBHs 1.00 328 2 452502.34 52.33 -19.42 55.07 0.37 0.37 78.42 13338.28 14977981.17 0.0001460310 11.87 410145431674234333036544.00
GM1noBHs 1.00 329 2 424173.78 48.27 60.95 1.45 0.04 0.04 77.76 12233.48 15231594.16 0.0002041521 5.53 353371305318208673677312.00
