model linking_length pyfof_grp N clump_mass[Msol] com_x[kpc] com_y[kpc] com_z[kpc] max_r[kpc] clump_r_avg[kpc] r[kpc] avg_temp[K] avg_pressure[Pa] avg_nHden[cm^-3] vdist[km/s] entropy[K/(Msolkpc**3)**(2/3)]
GM1noBHs 1.00 0 4 860607.98 -26.77 -73.60 -14.70 0.37 0.29 79.68 16674.00 5517487.75 0.0000080745 7.64 1194636562135513491832832.00
GM1noBHs 1.00 1 2 429617.25 -26.66 -95.10 -10.16 0.37 0.37 99.29 18704.53 4827643.19 0.0000042059 17.21 1587265528324162492301312.00
GM1noBHs 1.00 2 3 638201.25 -30.06 -76.27 -10.37 0.56 0.40 82.63 16828.86 4776609.25 0.0000058625 10.16 1345965967200828973383680.00
GM1noBHs 1.00 3 4612 642042679.76 -8.45 11.68 3.97 15.21 5.48 14.95 35343.14 3035106894.66 0.4484121240 112.46 90035476021510924140544.00
GM1noBHs 1.00 4 3 638155.19 -24.11 -97.12 -11.59 0.62 0.44 100.73 14352.81 8018894.07 0.0000292062 16.14 719824968191398710870016.00
GM1noBHs 1.00 5 3 636325.30 -24.67 -96.71 -13.75 0.50 0.39 100.75 17636.71 5656986.33 0.0000080816 7.02 1315147548643623545339904.00
GM1noBHs 1.00 6 2 424562.14 -22.39 -84.74 -10.92 0.35 0.35 88.32 13998.49 9407043.42 0.0000516848 9.52 625030536300670763401216.00
GM1noBHs 1.00 7 3 636302.40 -23.04 -86.04 -9.72 0.59 0.49 89.60 12339.51 11776131.42 0.0001461351 2.57 429231418988876869402624.00
GM1noBHs 1.00 8 5 1061043.44 -25.56 -70.74 -8.56 0.74 0.48 75.70 12819.87 10351838.26 0.0000902602 9.24 503682906226619263746048.00
GM1noBHs 1.00 9 2 373923.67 -23.12 -79.48 -2.88 0.31 0.27 82.82 16877.54 6005702.91 0.0000093697 7.21 1151490860791746994896896.00
GM1noBHs 1.00 10 10 2082389.55 -25.00 -64.65 -3.83 1.23 0.85 69.42 13947.77 9342795.22 0.0000500516 12.17 622091183345031043874816.00
GM1noBHs 1.00 11 6 1280980.81 -20.18 -92.62 -8.40 0.77 0.61 95.17 12304.08 11840004.31 0.0001444622 5.29 423379689022374000197632.00
GM1noBHs 1.00 12 18 3856152.69 -21.41 -84.67 -8.50 2.17 1.09 87.75 10910.92 17836668.89 0.0009819967 8.79 257761110002206066606080.00
GM1noBHs 1.00 13 4 848731.66 -20.91 -91.46 -7.73 0.63 0.53 94.14 13184.50 10721762.29 0.0000923974 8.86 516699403099983398830080.00
GM1noBHs 1.00 14 2 432223.17 -21.28 -88.99 -5.22 0.44 0.44 91.65 22979.20 9980352.18 0.0000075708 9.41 1378837882441750420652032.00
GM1noBHs 1.00 15 5 946183.80 -22.10 -86.89 -8.22 1.29 0.84 90.03 12524.59 11622948.87 0.0001412335 12.26 449474873587711602589696.00
GM1noBHs 1.00 16 6 1273630.71 -24.93 -69.88 -7.42 1.08 0.53 74.56 13317.19 10098081.12 0.0000747382 8.16 548857357357357031489536.00
GM1noBHs 1.00 17 2 432189.01 -27.53 -64.33 -10.84 0.39 0.39 70.81 17304.46 6025655.93 0.0000087616 4.84 1197716168555716690313216.00
GM1noBHs 1.00 18 2 427743.99 -27.02 -65.52 -11.88 0.10 0.10 71.86 17538.21 5853759.22 0.0000078603 2.11 1248937484107147617763328.00
GM1noBHs 1.00 19 21 4453930.74 -30.31 -11.48 -28.77 1.07 0.19 43.34 10150.99 49836896.53 0.0134595620 3.61 89094709009451023597568.00
GM1noBHs 1.00 20 2 322572.88 4.32 10.84 9.53 0.36 0.27 15.07 123228.28 959222816.57 0.0074958152 25.98 1063430906498877449306112.00
GM1noBHs 1.00 21 3 404903.46 3.76 12.33 10.89 0.34 0.17 16.88 11112.87 77295873.91 0.0239999065 11.44 69971298202932658307072.00
GM1noBHs 1.00 22 3 611509.47 -2.48 18.12 8.84 0.06 0.04 20.31 10908.82 55940589.44 0.0143591619 3.62 90486839101675739807744.00
GM1noBHs 1.00 23 2 433032.24 5.38 11.09 8.75 0.13 0.13 15.12 11787.14 88513048.91 0.0247660671 18.96 72535363899431441137664.00
GM1noBHs 1.00 24 3 399574.66 4.95 11.26 11.18 0.73 0.53 16.62 11577.13 53710431.79 0.0131028326 31.20 102270225976403291013120.00
GM1noBHs 1.00 25 2 116431.32 -0.91 14.29 11.94 0.07 0.07 18.64 11912.30 39596452.50 0.0062249574 13.25 141283672029233649025024.00
GM1noBHs 1.00 26 2 270276.82 1.49 12.64 10.85 0.54 0.34 16.72 13104.98 51167154.06 0.0085366614 23.24 138267777345978154090496.00
GM1noBHs 1.00 27 2 342263.01 0.88 11.44 10.22 0.33 0.26 15.37 96635.25 1104319234.23 0.0194731774 11.66 637149257842919466860544.00
GM1noBHs 1.00 28 2 208276.50 2.70 14.03 11.97 0.25 0.22 18.64 11908.57 40512136.30 0.0069641663 8.81 136401885613578157817856.00
GM1noBHs 1.00 29 2 234867.36 -3.64 13.31 12.09 0.32 0.22 18.35 11903.08 44227999.74 0.0091675580 17.57 123531768709854028365824.00
GM1noBHs 1.00 30 2 171522.58 -1.91 15.46 12.34 0.59 0.44 19.88 12073.29 35531548.55 0.0044579402 21.75 163045801623375990226944.00
GM1noBHs 1.00 31 4 479844.09 -8.00 13.70 10.01 1.00 0.51 18.76 11856.37 54161507.78 0.0127484609 26.99 104516119323286754557952.00
GM1noBHs 1.00 32 2 285217.82 -10.72 15.38 5.40 0.58 0.49 19.51 11753.84 63077888.55 0.0154759811 26.36 93581257595019730092032.00
GM1noBHs 1.00 33 5 726137.65 -8.14 14.37 2.63 0.13 0.09 16.72 11754.44 86274917.74 0.0266536783 16.55 69323256800113906941952.00
GM1noBHs 1.00 34 15 3253065.90 13.23 -71.75 5.34 0.93 0.67 73.15 10750.58 18328987.71 0.0010273102 9.94 238055881794952873639936.00
GM1noBHs 1.00 35 3 592460.02 11.98 -93.79 8.32 0.17 0.12 94.92 12322.46 11818578.19 0.0001427164 9.61 422560564862234283474944.00
GM1noBHs 1.00 36 2 369821.46 12.52 -80.76 3.96 0.18 0.16 81.82 22487.61 4040364.85 0.0000015531 13.45 2434317311749106163515392.00
GM1noBHs 1.00 37 2 363000.20 11.97 -92.09 7.24 0.51 0.44 93.15 14758.79 6965326.99 0.0000208574 12.15 837784767067444104658944.00
GM1noBHs 1.00 38 465 90677668.98 12.61 -66.37 13.15 13.71 5.87 68.82 9776.92 30684161.33 0.0065586280 18.51 143859716871595109646336.00
GM1noBHs 1.00 39 4 795607.12 12.20 -74.42 11.44 0.78 0.49 76.27 11860.20 14661406.88 0.0003900142 11.33 344924033967257479544832.00
GM1noBHs 1.00 40 16 3395853.39 13.10 -74.82 11.83 3.10 1.63 76.87 12106.53 14431340.85 0.0003736951 17.33 368158352457103459745792.00
GM1noBHs 1.00 41 14 2819626.13 15.31 -81.65 9.97 1.95 1.17 83.67 12090.99 13543229.72 0.0002525157 10.55 374047015358305486766080.00
GM1noBHs 1.00 42 6 1182256.42 15.56 -84.98 11.80 0.95 0.73 87.20 13460.74 9113707.88 0.0000552210 16.64 596521874340226225143808.00
GM1noBHs 1.00 43 6 1174416.07 15.13 -83.42 10.52 1.30 0.83 85.43 12632.40 13273528.85 0.0002108790 16.83 412617352131989873885184.00
GM1noBHs 1.00 44 4 768818.96 15.65 -78.31 9.02 0.94 0.63 80.37 14097.42 9080942.75 0.0000438108 13.57 640533910318542477066240.00
GM1noBHs 1.00 45 2 433037.00 17.18 -98.67 8.29 0.34 0.33 100.50 22775.99 3139249.44 0.0000009078 5.06 2947528121060325836455936.00
GM1noBHs 1.00 46 2 427696.54 16.92 -78.60 7.40 0.48 0.48 80.74 17075.88 6312449.67 0.0000103770 8.43 1133622019775535100461056.00
GM1noBHs 1.00 47 2 314047.76 15.88 -69.67 12.04 0.50 0.48 72.46 14906.17 7509543.69 0.0000249418 6.82 814016787591645615882240.00
GM1noBHs 1.00 48 3 656899.53 15.45 -66.51 8.68 0.71 0.55 68.82 12386.48 14032374.57 0.0003111835 16.58 386446662142639843835904.00
GM1noBHs 1.00 49 4 754750.42 14.33 -61.66 6.77 0.62 0.35 63.66 14731.99 10098555.76 0.0000569596 14.25 655283710726385178771456.00
GM1noBHs 1.00 50 2 431691.94 13.97 -71.01 6.24 0.22 0.22 72.64 11831.58 13907285.33 0.0002766053 7.45 351512883303887155494912.00
GM1noBHs 1.00 51 2 428383.22 12.99 -68.91 10.39 0.27 0.26 70.89 15588.37 10204398.31 0.0000451869 13.36 708763258651009506869248.00
GM1noBHs 1.00 52 3 436008.74 17.50 -72.96 11.50 0.57 0.42 75.90 26864.43 5546427.91 0.0000014126 23.37 2648461693613866733273088.00
GM1noBHs 1.00 53 5 1009330.25 11.17 -71.32 11.27 0.71 0.47 73.07 12709.27 12188405.03 0.0001572862 8.85 444506794584322233860096.00
GM1noBHs 1.00 54 2 424684.05 13.05 -68.51 12.26 0.40 0.40 70.81 11305.34 18070718.23 0.0008381757 6.12 266037475793477558075392.00
GM1noBHs 1.00 55 5 957834.47 14.29 -51.85 12.54 1.09 0.72 55.23 15552.71 10890449.48 0.0000529135 22.50 673236681994348299026432.00
GM1noBHs 1.00 56 8 1568932.42 11.89 -69.16 12.43 0.87 0.70 71.27 10439.91 21931412.17 0.0019019699 9.70 197281308764875849203712.00
GM1noBHs 1.00 57 5 1063000.99 -18.61 -77.25 4.76 1.06 0.61 79.60 13327.95 10412763.54 0.0000901038 8.80 553431401849239120117760.00
GM1noBHs 1.00 58 10 2149265.61 -23.25 -73.94 3.41 1.50 0.92 77.58 11753.49 15048014.33 0.0004461633 11.99 337570879065729326383104.00
GM1noBHs 1.00 59 5 1063129.56 -19.94 -75.98 4.66 0.95 0.64 78.69 13281.20 10234649.44 0.0000764888 9.04 538331350717431975772160.00
GM1noBHs 1.00 60 4 798731.76 -23.40 -75.40 3.91 0.71 0.58 79.05 12987.19 10908258.94 0.0001041768 7.44 501499506950228372619264.00
GM1noBHs 1.00 61 5 1010546.19 4.99 -35.90 4.55 0.58 0.44 36.53 16256.81 11570749.69 0.0000490855 11.01 690149623921433567559680.00
GM1noBHs 1.00 62 6 1276318.32 7.05 -41.03 3.92 1.08 0.56 41.82 14748.83 12444840.31 0.0000876165 7.33 558654119552321679523840.00
GM1noBHs 1.00 63 9 1858885.41 3.54 -46.86 5.30 1.09 0.80 47.30 15466.24 10316701.05 0.0000440259 12.79 688633657758402679406592.00
GM1noBHs 1.00 64 20 4221678.91 -1.50 -67.38 4.23 2.65 1.45 67.53 12935.83 12244958.22 0.0001609330 12.22 463698828676149385625600.00
GM1noBHs 1.00 65 5 1008410.77 -14.96 -43.75 4.17 1.15 0.72 46.42 18325.83 7116456.81 0.0000104868 14.47 1178976538633084308815872.00
GM1noBHs 1.00 66 15 3168647.67 -14.48 -62.88 4.89 1.15 0.75 64.71 10701.39 19991944.14 0.0013227456 12.75 222086090408311734140928.00
GM1noBHs 1.00 67 56 11585515.91 6.42 -73.17 11.15 3.40 1.62 74.29 9789.90 31520667.02 0.0073538195 11.75 152796109387729440079872.00
GM1noBHs 1.00 68 7 1513760.13 7.22 -68.75 6.31 1.24 0.64 69.41 13167.30 10526124.37 0.0000833413 13.46 517747083704267559665664.00
GM1noBHs 1.00 69 3 582970.97 4.92 -72.54 6.71 0.94 0.61 73.01 13846.75 11184733.62 0.0000850523 11.64 541051524897362090655744.00
GM1noBHs 1.00 70 2 432096.96 5.66 -70.93 6.42 0.49 0.48 71.44 28177.41 22492560.09 0.0000437198 19.15 1116947712990823176994816.00
GM1noBHs 1.00 71 2 436226.44 5.30 -69.74 5.30 0.28 0.28 70.14 14875.32 9688474.11 0.0000427239 7.66 673505988844365522403328.00
GM1noBHs 1.00 72 3 652660.04 5.05 -73.06 4.94 0.44 0.31 73.40 14014.55 9273589.34 0.0000473591 10.00 626725460086325384314880.00
GM1noBHs 1.00 73 2 436001.19 4.39 -73.86 3.83 0.30 0.30 74.09 16494.76 7100382.85 0.0000150237 16.94 989643660291967178244096.00
GM1noBHs 1.00 74 23 4756144.88 -11.17 -66.28 9.03 2.12 1.28 67.82 11408.90 18520395.77 0.0009189972 12.73 269512786422516877885440.00
GM1noBHs 1.00 75 2 360443.31 -9.51 9.93 7.00 0.35 0.30 15.43 12594.08 50123596.72 0.0097723266 24.99 125927423962033730617344.00
GM1noBHs 1.00 76 3 577579.40 -10.26 -69.78 8.11 0.48 0.39 70.99 14182.25 9439824.11 0.0000495194 6.86 637054572487786167795712.00
GM1noBHs 1.00 77 2 424300.43 -5.66 -52.85 4.17 0.16 0.16 53.31 17261.57 8375068.97 0.0000186784 7.21 958461435150290718294016.00
GM1noBHs 1.00 78 16 3435057.31 -11.38 -49.84 5.47 1.71 0.96 51.42 12963.83 14270419.11 0.0002192458 13.22 407611181930215888650240.00
GM1noBHs 1.00 79 9 1857748.14 12.80 -93.32 9.29 1.11 0.70 94.65 12582.58 11915904.21 0.0001505738 9.02 442311664116456937750528.00
GM1noBHs 1.00 80 88 17539747.89 17.46 -28.66 4.94 4.02 1.34 33.92 9628.63 109289679.25 0.0445003849 16.68 71311313377253375606784.00
GM1noBHs 1.00 81 3 529628.68 18.38 -34.61 5.34 0.95 0.58 39.55 17756.13 12021361.95 0.0000504758 32.38 796276260809662489690112.00
GM1noBHs 1.00 82 3 541197.62 18.32 -42.24 5.02 0.55 0.38 46.31 17557.48 9955228.45 0.0000262783 9.75 873741085911438734655488.00
GM1noBHs 1.00 83 53 10842987.22 17.39 -50.80 10.23 2.35 1.14 54.66 9209.21 50776949.00 0.0167025701 12.11 82964660499516179349504.00
GM1noBHs 1.00 84 32 5967557.80 16.57 -58.73 7.69 2.19 1.16 61.51 9759.76 29810168.95 0.0059170859 13.54 137131002051412816297984.00
GM1noBHs 1.00 85 13 2451942.23 16.90 -55.64 5.75 1.37 0.78 58.43 11159.97 17814945.49 0.0008834765 10.55 263944888467421766090752.00
GM1noBHs 1.00 86 3 591174.90 18.23 -40.39 5.68 0.60 0.41 44.68 17240.35 9993218.59 0.0000277240 16.15 842728528664720410935296.00
GM1noBHs 1.00 87 23 4710446.38 12.23 -41.59 9.55 2.32 1.18 44.39 11484.32 22854875.30 0.0016908861 19.90 234551466422863491235840.00
GM1noBHs 1.00 88 2 217623.97 -3.29 13.74 5.42 0.38 0.33 15.13 12337.27 100028827.09 0.0293455348 21.35 70760719899201850310656.00
GM1noBHs 1.00 89 2 366464.04 -11.12 -68.27 8.47 0.53 0.45 69.69 11978.25 14288050.54 0.0002839374 9.55 352625686843468577505280.00
GM1noBHs 1.00 90 4 791870.31 -10.87 -71.28 6.94 0.74 0.53 72.43 26866.05 13390723.16 0.0000153324 18.83 1473848632676966371164160.00
GM1noBHs 1.00 91 6 1162541.76 -3.50 -76.27 6.81 1.08 0.80 76.65 14400.95 8875157.91 0.0000430500 12.38 690130258202025932095488.00
GM1noBHs 1.00 92 20 4045534.72 -3.63 -79.95 7.21 2.17 1.08 80.36 11363.41 15302874.96 0.0005412719 9.82 312546001018001498832896.00
GM1noBHs 1.00 93 3 574069.46 -6.02 -75.73 10.16 0.49 0.28 76.64 18318.18 5513283.32 0.0000060090 11.35 1398902097871092259487744.00
GM1noBHs 1.00 94 2 374612.24 -5.24 -75.36 7.73 0.53 0.47 75.93 17377.70 7140812.84 0.0000125738 8.70 1076007791958934704619520.00
GM1noBHs 1.00 95 11 2229400.98 9.90 -92.37 15.10 1.98 1.13 94.12 13257.96 10451635.37 0.0000959947 11.40 542097614022369871921152.00
GM1noBHs 1.00 96 6 1110108.79 14.77 -87.85 12.96 0.98 0.58 90.02 14892.51 7536635.52 0.0000233937 9.86 798124005977627518042112.00
GM1noBHs 1.00 97 2 444378.97 12.74 -100.48 17.28 0.50 0.50 102.75 13228.13 9076132.23 0.0000541738 16.56 574598895646562223915008.00
GM1noBHs 1.00 98 2 367507.20 13.41 -105.14 14.18 0.57 0.49 106.94 33895.30 6362442.02 0.0000012985 13.68 3577055367783255591878656.00
GM1noBHs 1.00 99 3 605820.47 13.67 -99.12 17.45 0.66 0.56 101.57 14968.37 7191661.07 0.0000210802 16.08 835057606708834573746176.00
GM1noBHs 1.00 100 4 809861.93 10.02 -85.29 16.20 0.40 0.33 87.39 15992.28 6579613.65 0.0000137358 8.70 985338307606390700507136.00
GM1noBHs 1.00 101 57 11352042.17 7.60 -88.88 11.82 3.94 2.07 89.98 10938.46 19099864.10 0.0013848469 14.52 255978618970098917965824.00
GM1noBHs 1.00 102 3 651304.97 9.61 -90.73 12.52 0.70 0.49 92.09 11283.25 15360130.71 0.0004543668 8.62 298648333412811728224256.00
GM1noBHs 1.00 103 2 430721.72 8.45 -99.09 14.02 0.45 0.45 100.43 11747.99 13503473.23 0.0002543315 2.26 354065994777470745706496.00
GM1noBHs 1.00 104 2 429328.55 10.14 -91.92 12.93 0.42 0.41 93.38 12285.50 11681034.14 0.0001455849 6.38 426883296419900402171904.00
GM1noBHs 1.00 105 2 390964.74 16.56 -94.09 15.27 0.47 0.40 96.74 20766.23 3790157.01 0.0000017976 2.65 2219564053524454794330112.00
GM1noBHs 1.00 106 6 1224197.85 -7.24 -96.36 -3.77 1.68 1.01 96.71 12619.27 11621519.48 0.0001703950 9.24 471713840570505652862976.00
GM1noBHs 1.00 107 2 424212.88 -7.07 -100.11 -3.37 0.28 0.28 100.41 15787.40 6283926.80 0.0000127257 4.34 997086428795191643078656.00
GM1noBHs 1.00 108 12 2523149.20 0.79 -54.34 2.85 1.42 0.77 54.42 19960.66 18244904.59 0.0000862155 17.93 730340527076620980191232.00
GM1noBHs 1.00 109 3 653093.70 1.42 -70.62 0.79 0.49 0.33 70.64 16591.25 6966519.61 0.0000138481 8.52 1011805354041467073462272.00
GM1noBHs 1.00 110 32 6241782.45 15.80 -23.28 2.63 2.79 1.27 28.25 10885.11 36675998.90 0.0071106515 26.28 144074465669714410471424.00
GM1noBHs 1.00 111 33 6959146.51 12.85 -12.90 3.27 2.44 0.97 18.50 10650.30 75160483.82 0.0239207041 27.23 82405922277607369342976.00
GM1noBHs 1.00 112 28 5238916.79 14.36 -51.91 2.62 2.23 1.21 53.93 10978.23 20254174.09 0.0014182489 15.23 235112534420862760124416.00
GM1noBHs 1.00 113 2 366818.91 15.33 -54.43 3.69 0.47 0.40 56.67 13481.99 11802869.06 0.0001040392 6.91 493862687150240480362496.00
GM1noBHs 1.00 114 3 587612.45 11.21 -103.28 2.80 0.69 0.56 103.92 12770.10 12319746.39 0.0001964831 13.19 460370156841344113311744.00
GM1noBHs 1.00 115 3 580849.76 13.34 -104.70 3.36 0.65 0.50 105.60 12115.89 12240947.86 0.0001943011 6.10 407863923682802120261632.00
GM1noBHs 1.00 116 2 430530.06 12.46 -101.77 3.06 0.47 0.46 102.58 14018.23 9724151.58 0.0000696486 5.35 628253534325058083749888.00
GM1noBHs 1.00 117 21 4347130.20 7.73 -63.86 3.64 1.37 0.77 64.43 11009.83 18193189.44 0.0009514692 12.36 252678891497056611860480.00
GM1noBHs 1.00 118 3 588352.86 15.55 -92.55 2.49 0.54 0.42 93.88 18220.40 4186582.99 0.0000033974 3.20 1666606512151824259088384.00
GM1noBHs 1.00 119 2 427999.34 15.72 -93.54 0.94 0.24 0.24 94.86 18436.46 4265256.93 0.0000033911 3.98 1677500287059496974417920.00
GM1noBHs 1.00 120 3 579065.28 18.59 -75.58 -0.75 0.68 0.56 77.83 26594.13 4142567.64 0.0000008607 7.50 3168830848450220957630464.00
GM1noBHs 1.00 121 2 434429.51 9.81 -78.06 1.22 0.42 0.42 78.68 18802.22 4864302.56 0.0000042406 6.83 1589490195523947896766464.00
GM1noBHs 1.00 122 4 736912.51 -4.52 -52.21 3.10 0.60 0.39 52.50 14407.35 10595789.31 0.0000597104 8.32 598535724703170818998272.00
GM1noBHs 1.00 123 10 2087436.17 -3.39 -50.55 2.52 1.52 1.00 50.73 14388.48 11497631.46 0.0000791648 14.16 568468575458765930758144.00
GM1noBHs 1.00 124 18 3824640.44 7.31 -16.64 2.57 0.56 0.27 18.36 11098.65 63564306.97 0.0166215294 10.56 85078791037677517930496.00
GM1noBHs 1.00 125 9 1929881.13 0.08 -21.72 -1.82 0.92 0.51 21.79 12674.54 24719683.36 0.0013250955 16.71 254322818491651503161344.00
GM1noBHs 1.00 126 6 1285816.36 -26.90 -75.27 -1.32 0.77 0.50 79.94 12731.18 10832766.69 0.0000994492 9.15 478136889765448581644288.00
GM1noBHs 1.00 127 6 1224465.20 -27.86 -77.00 -1.55 1.54 0.92 81.90 12985.97 10291761.31 0.0000821810 5.86 513997041408767088918528.00
GM1noBHs 1.00 128 3 650498.06 -30.08 -78.19 -2.11 0.52 0.37 83.80 15725.79 6986718.18 0.0000173772 9.68 934000629898727418494976.00
GM1noBHs 1.00 129 2 424249.48 0.13 -66.36 3.42 0.45 0.45 66.44 14547.71 10303841.87 0.0000532627 9.09 619753837922012322856960.00
GM1noBHs 1.00 130 4 849036.50 0.58 -72.08 1.95 0.80 0.50 72.11 16168.70 6530850.63 0.0000129608 6.05 1012256666850684829696000.00
GM1noBHs 1.00 131 7 1485451.32 -20.20 -71.91 -1.10 0.77 0.57 74.70 12255.50 13129710.28 0.0002021651 12.64 391127562079347226443776.00
GM1noBHs 1.00 132 13 2727177.06 -20.83 -75.48 -2.25 2.29 1.21 78.34 12389.64 12191771.08 0.0001836027 8.10 429704034146762933403648.00
GM1noBHs 1.00 133 56 11759055.25 -20.79 -84.18 -0.79 3.30 1.82 86.72 10434.53 21478005.73 0.0019376848 9.17 208090522383389686759424.00
GM1noBHs 1.00 134 15 3202334.49 -18.41 -78.25 0.83 2.16 1.08 80.39 11030.31 16801712.14 0.0007391165 10.23 270395319064511257772032.00
GM1noBHs 1.00 135 21 4297150.67 -17.73 -67.45 -1.18 2.05 1.10 69.76 11387.30 16373071.23 0.0006417048 13.08 296173387846426558464000.00
GM1noBHs 1.00 136 15 2975113.43 -21.35 -72.45 1.93 1.99 1.23 75.56 11575.94 14704900.68 0.0004004403 13.36 327645285017514569367552.00
GM1noBHs 1.00 137 2 424339.98 -19.22 -65.27 -0.80 0.30 0.30 68.05 15265.20 9334779.85 0.0000447111 9.46 746772940207563678416896.00
GM1noBHs 1.00 138 5 1064441.21 -19.11 -86.35 3.47 0.90 0.53 88.51 13235.08 10688667.43 0.0000838239 12.33 516656939922870983720960.00
GM1noBHs 1.00 139 3 638388.11 -18.75 -79.56 2.09 0.62 0.46 81.76 12017.89 12872311.44 0.0002166405 5.84 386644815644196696227840.00
GM1noBHs 1.00 140 2 426011.86 -18.36 -77.08 2.94 0.42 0.42 79.30 12303.58 12045610.19 0.0001491920 6.67 417197223958511014117376.00
GM1noBHs 1.00 141 5 1032583.34 5.94 -85.69 -1.09 0.84 0.52 85.90 18354.49 4386715.86 0.0000036495 11.22 1636842815754090336747520.00
GM1noBHs 1.00 142 19 3864928.05 -22.23 -88.57 -2.29 1.75 1.20 91.34 10702.90 18204784.08 0.0010826774 6.92 243009992466946435579904.00
GM1noBHs 1.00 143 3 586252.40 -20.99 -88.18 -0.86 0.36 0.32 90.65 10793.51 17953723.90 0.0009567539 10.06 245710899530313813196800.00
GM1noBHs 1.00 144 2 312229.25 -12.46 2.18 -9.06 0.25 0.20 15.55 11817.51 42870016.31 0.0085344560 26.98 126093560121207730208768.00
GM1noBHs 1.00 145 13 2382064.01 -12.91 3.11 -7.84 1.73 0.71 15.42 41115.02 393872029.85 0.0482250983 24.82 339695578100966249988096.00
GM1noBHs 1.00 146 2 375692.59 14.64 -97.94 -4.52 0.43 0.37 99.13 27903.63 3289300.45 0.0000004630 4.42 4013069073899269839126528.00
GM1noBHs 1.00 147 13 2670242.39 -7.72 -28.83 -5.79 0.83 0.32 30.41 11391.74 27601626.97 0.0024625485 11.07 190711147119510493855744.00
GM1noBHs 1.00 148 2 424233.70 -3.49 -86.69 -8.87 0.34 0.34 87.21 23546.18 2943843.59 0.0000007059 5.61 3264546864657130646929408.00
GM1noBHs 1.00 149 4 877026.76 -1.14 -92.34 -6.66 1.22 0.80 92.59 15762.70 5990081.89 0.0000119605 8.29 1035270215737194779246592.00
GM1noBHs 1.00 150 24 4944841.30 -3.71 -26.81 -9.22 1.45 0.69 28.59 10632.57 40063656.98 0.0086326322 20.99 119344939974425103564800.00
GM1noBHs 1.00 151 3 576049.65 -7.23 -93.49 -6.94 0.87 0.62 94.02 15061.14 7756021.12 0.0000269306 16.73 814706100035284363116544.00
GM1noBHs 1.00 152 7 1488098.57 1.80 -10.16 -11.86 0.57 0.32 15.73 11262.74 43592116.92 0.0088950182 13.70 119200717455508922957824.00
GM1noBHs 1.00 153 2 425650.58 1.36 -13.71 -10.48 0.19 0.19 17.31 13583.67 22411830.14 0.0007717121 20.12 310572465222552089788416.00
GM1noBHs 1.00 154 8 1641535.78 0.54 -12.49 -11.66 0.52 0.29 17.10 11838.03 41015215.07 0.0062797004 16.01 141174574223366146752512.00
GM1noBHs 1.00 155 3 641186.60 -1.64 -18.69 -4.64 0.18 0.12 19.33 14101.32 17673644.55 0.0002856850 4.82 399998133654144820445184.00
GM1noBHs 1.00 156 20 4165110.90 -10.36 -38.57 -4.08 1.11 0.58 40.15 10606.68 29595380.69 0.0036464640 15.06 155382342576868478156800.00
GM1noBHs 1.00 157 5 1006456.66 -3.22 -17.88 -14.34 0.42 0.31 23.15 13274.10 20981298.69 0.0006890057 16.46 313974803850582525214720.00
GM1noBHs 1.00 158 3 637844.29 6.81 -85.34 9.50 0.41 0.39 86.14 12608.19 12232330.04 0.0001433993 14.71 430215820745949289906176.00
GM1noBHs 1.00 159 4 753859.06 7.90 -89.32 9.56 0.82 0.63 90.17 11943.94 14120392.59 0.0003802353 12.72 363533504595070354980864.00
GM1noBHs 1.00 160 2 379727.82 15.61 -19.71 2.88 0.24 0.21 25.31 14470.56 17076105.62 0.0002333390 11.06 428974997348776794914816.00
GM1noBHs 1.00 161 2 381969.84 14.65 -16.35 2.26 0.13 0.12 22.07 16957.71 17106623.50 0.0001200782 11.47 564893550122387327942656.00
GM1noBHs 1.00 162 2 377584.20 7.46 -11.54 6.67 0.23 0.20 15.28 15688.48 18914369.66 0.0002259135 10.02 458851906500874217717760.00
GM1noBHs 1.00 163 8 1524691.12 14.64 -45.21 4.34 0.91 0.51 47.72 13337.82 12466722.27 0.0001273662 14.74 468973001048537956352000.00
GM1noBHs 1.00 164 8 1677257.40 15.51 -49.86 7.60 0.85 0.54 52.77 11093.73 18901943.80 0.0010096969 13.56 246773372102573966753792.00
GM1noBHs 1.00 165 20 3937932.17 14.48 -23.92 8.55 1.04 0.54 29.24 10245.08 34565385.15 0.0066660064 17.30 124225993447908325720064.00
GM1noBHs 1.00 166 2 366728.24 7.22 -25.95 -0.12 0.22 0.19 26.93 16901.70 11633464.91 0.0000428420 8.16 734754948118000026255360.00
GM1noBHs 1.00 167 4 797670.36 14.13 -24.36 5.28 0.51 0.38 28.65 13927.72 16937584.79 0.0002724039 17.12 405079647049098310189056.00
GM1noBHs 1.00 168 10 1755353.79 5.50 -81.58 16.25 1.44 0.85 83.37 13527.58 10579212.94 0.0000872264 12.89 547101872176692832763904.00
GM1noBHs 1.00 169 5 1088375.95 10.06 -101.93 17.39 1.40 0.86 103.89 12198.01 11710744.71 0.0001594949 7.30 423514750538666968350720.00
GM1noBHs 1.00 170 5 1083040.06 11.58 -99.54 18.13 1.24 0.91 101.84 13724.60 8644312.74 0.0000430342 7.13 634432360984636551069696.00
GM1noBHs 1.00 171 2 373601.85 9.12 -92.87 13.70 0.51 0.43 94.32 13357.73 9896636.25 0.0000655911 6.13 550310349090817864368128.00
GM1noBHs 1.00 172 2 456025.23 9.27 -76.55 15.88 0.32 0.31 78.73 11494.04 16483633.21 0.0005427719 10.49 291250360637269351596032.00
GM1noBHs 1.00 173 4 757302.58 11.76 -83.54 16.55 1.09 0.77 85.97 22807.34 7880899.21 0.0000058171 23.68 1605138250837483610701824.00
GM1noBHs 1.00 174 2 429349.92 12.22 -80.64 16.01 0.35 0.34 83.12 16288.43 7483911.20 0.0000176970 18.64 934183907396251811840000.00
GM1noBHs 1.00 175 6 1179357.30 4.54 -92.71 18.45 1.09 0.72 94.64 13673.54 8677300.29 0.0000432780 13.25 626484751780652204949504.00
GM1noBHs 1.00 176 4 686598.90 3.11 -81.58 19.33 0.66 0.50 83.89 14632.22 8982312.53 0.0000389969 9.32 690525229827637364391936.00
GM1noBHs 1.00 177 4 703719.04 5.32 -89.00 19.60 0.79 0.61 91.29 15052.44 8354488.32 0.0000322951 14.35 767628154722063424159744.00
GM1noBHs 1.00 178 5 990461.58 2.94 -84.77 18.28 0.67 0.46 86.77 13361.99 11038682.74 0.0000903226 11.10 509625078837217375289344.00
GM1noBHs 1.00 179 4 885187.26 3.58 -86.72 18.75 0.98 0.72 88.80 12792.15 11005173.15 0.0001098548 14.60 477951120222893943816192.00
GM1noBHs 1.00 180 4 886174.93 3.25 -91.03 19.30 0.78 0.54 93.11 13140.83 9489450.35 0.0000644146 7.69 553079555595442826772480.00
GM1noBHs 1.00 181 2 388297.74 2.80 -88.88 19.29 0.38 0.33 90.99 13499.89 9615904.15 0.0000585443 16.17 569880318356331358584832.00
GM1noBHs 1.00 182 5 1032519.02 3.35 -80.63 17.56 1.05 0.62 82.59 13991.05 10410885.96 0.0000709857 10.75 582854087757326100463616.00
GM1noBHs 1.00 183 3 619122.52 2.69 -87.59 18.49 0.35 0.26 89.56 12697.76 11523592.44 0.0001225553 12.88 453170194719281327898624.00
GM1noBHs 1.00 184 2 444955.37 1.87 -86.20 18.17 0.30 0.30 88.11 14489.65 9485853.22 0.0000467783 14.99 653609388516978773196800.00
GM1noBHs 1.00 185 6 1213200.44 2.83 -134.14 16.98 1.64 1.12 135.24 22227.06 121200374.80 0.0122147508 54.74 225811802097691274510336.00
GM1noBHs 1.00 186 2 388893.25 6.61 -123.19 32.87 0.33 0.29 127.67 32958.90 5431042.25 0.0000005706 12.50 3790756183161495032430592.00
GM1noBHs 1.00 187 2 382057.68 4.48 -94.86 18.53 0.29 0.25 96.75 15631.60 6833390.21 0.0000160620 13.70 922279447843547534852096.00
GM1noBHs 1.00 188 2 374103.54 3.16 -99.37 18.80 0.29 0.25 101.18 15141.35 6282174.03 0.0000146385 13.47 927276414358178156773376.00
GM1noBHs 1.00 189 2 327167.33 1.09 -102.25 17.45 0.38 0.29 103.74 13082.33 9974104.47 0.0000721557 7.96 526671171868163676569600.00
GM1noBHs 1.00 190 2 309763.48 0.37 -103.94 16.64 0.30 0.30 105.27 10663.31 18170280.12 0.0010416453 6.03 232905729476688307290112.00
GM1noBHs 1.00 191 8 1618065.98 9.19 -95.88 15.44 1.61 1.03 97.55 13222.91 9727488.04 0.0000683327 9.23 551905521675758630600704.00
GM1noBHs 1.00 192 2 372485.45 6.27 -104.39 14.67 0.54 0.47 105.60 12744.49 11635056.72 0.0001219427 1.60 453422832357753241993216.00
GM1noBHs 1.00 193 3 646903.78 -6.27 -93.36 5.72 0.57 0.44 93.75 12640.31 11605687.57 0.0001418048 12.27 458295253533253028544512.00
GM1noBHs 1.00 194 6 1216681.20 -4.76 -94.21 7.46 1.42 0.76 94.62 12499.73 13095669.73 0.0003116521 5.96 449433364160307154386944.00
GM1noBHs 1.00 195 2 424582.71 -6.14 -94.89 5.64 0.48 0.48 95.26 13577.11 9592980.63 0.0000617327 21.94 587406950876588026101760.00
GM1noBHs 1.00 196 12 2511108.60 6.73 -82.38 7.88 2.40 1.32 83.03 12426.01 13264528.89 0.0002521994 13.56 414360735591134379638784.00
GM1noBHs 1.00 197 4 873903.07 7.71 -84.70 8.08 0.79 0.45 85.43 12444.99 13286588.00 0.0002405789 8.47 410029792817699618816000.00
GM1noBHs 1.00 198 4 865253.86 4.68 -81.23 6.17 0.67 0.52 81.60 13486.11 9318058.03 0.0000544541 8.94 586096176897039953559552.00
GM1noBHs 1.00 199 2 379172.79 7.71 -102.08 14.26 0.13 0.11 103.36 12323.80 11228042.44 0.0001224833 16.23 438782632240711454425088.00
GM1noBHs 1.00 200 2 424329.70 4.86 -82.50 5.85 0.31 0.31 82.85 14062.18 9255094.09 0.0000479625 8.24 635057157030449810243584.00
GM1noBHs 1.00 201 12 2555645.48 3.82 -93.25 7.48 1.66 0.84 93.63 10846.73 18068537.34 0.0009961910 6.95 249661527700607455985664.00
GM1noBHs 1.00 202 2 361768.20 4.47 -92.02 6.82 0.58 0.49 92.38 13143.20 11590705.40 0.0001308142 6.27 493991406962902055256064.00
GM1noBHs 1.00 203 3 573957.68 -12.94 -88.55 11.08 0.59 0.42 90.18 14433.20 8412735.08 0.0000330553 5.71 705311111479661491650560.00
GM1noBHs 1.00 204 16 3405269.13 -15.65 -81.71 11.61 1.19 0.59 84.00 13423.85 11213240.56 0.0000922219 11.98 512184447340594220498944.00
GM1noBHs 1.00 205 2 434860.28 -21.66 -109.25 12.44 0.32 0.32 112.07 16655.19 6429059.49 0.0000118707 7.08 1073759980655078109347840.00
GM1noBHs 1.00 206 4 848452.33 1.69 -94.55 7.28 0.70 0.50 94.85 12999.65 10844158.99 0.0000944317 7.05 497170161562016773308416.00
GM1noBHs 1.00 207 5 1066613.07 -20.61 -87.63 -1.72 1.39 0.84 90.03 11014.48 17073419.46 0.0007685961 8.23 266495634356613177933824.00
GM1noBHs 1.00 208 2 440397.34 -15.14 -102.15 -1.64 0.46 0.45 103.28 10707.93 17536473.45 0.0008991441 4.70 243711073292216334024704.00
GM1noBHs 1.00 209 2 426961.78 -23.24 -86.78 -1.35 0.36 0.36 89.84 10889.35 16904071.38 0.0008014342 6.78 264793686498368179666944.00
GM1noBHs 1.00 210 2 424196.62 -22.20 -87.21 -0.73 0.41 0.41 89.99 10856.81 16903190.68 0.0007565475 2.57 258064196938797873627136.00
GM1noBHs 1.00 211 2 215538.80 -13.82 1.13 -6.35 0.18 0.18 15.25 74775.12 323077460.14 0.0036336735 25.82 944708924655043396763648.00
GM1noBHs 1.00 212 8 941699.24 -14.04 3.94 -5.98 1.60 0.61 15.76 26428.35 166824478.36 0.0153965282 22.97 247562167009427329122304.00
GM1noBHs 1.00 213 2 424258.59 -15.47 -62.86 3.59 0.42 0.42 64.84 11915.06 14990432.82 0.0004250958 14.24 343058925654558749229056.00
GM1noBHs 1.00 214 2 159746.15 -14.60 6.06 1.70 0.13 0.12 15.90 12566.88 43487543.33 0.0068488337 11.48 143656558497550766702592.00
GM1noBHs 1.00 215 2 364311.61 -15.25 -64.70 3.50 0.30 0.26 66.57 13125.80 11166105.17 0.0000954658 6.29 491832229753736705081344.00
GM1noBHs 1.00 216 2 427385.38 -15.98 -42.44 -1.80 0.26 0.25 45.38 19076.78 7022051.80 0.0000089183 3.58 1271421092284720174071808.00
GM1noBHs 1.00 217 7 1494639.91 -16.59 -43.36 -6.96 0.55 0.31 46.94 13601.08 12168343.27 0.0001072823 13.84 492506179438143875317760.00
GM1noBHs 1.00 218 5 1001305.98 -17.38 -80.97 0.76 0.93 0.80 82.82 13095.30 11059640.75 0.0001296027 11.25 516769170420754026594304.00
GM1noBHs 1.00 219 2 424937.27 -17.83 -44.25 -6.26 0.14 0.14 48.11 15510.94 10988008.75 0.0000503695 8.71 661431398209954626142208.00
GM1noBHs 1.00 220 3 326118.07 -11.20 -0.21 -10.88 0.70 0.43 15.62 11339.65 40392411.27 0.0080137762 16.30 124254436717334217359360.00
GM1noBHs 1.00 221 10 1304697.66 -14.28 8.11 2.40 0.53 0.29 16.60 33847.14 401919782.09 0.0327205802 21.56 197852655923151717269504.00
GM1noBHs 1.00 222 7 1438517.79 -15.05 -7.32 -20.59 0.37 0.27 26.53 11736.70 27029042.38 0.0020407260 10.04 203370740558356499398656.00
GM1noBHs 1.00 223 2 437480.27 -13.42 -30.18 -19.30 0.11 0.10 38.25 14737.54 11468217.17 0.0000679617 5.63 588344060843521302593536.00
GM1noBHs 1.00 224 2 425455.38 -14.06 -29.24 -18.86 0.21 0.21 37.53 15028.06 11737697.34 0.0000674842 3.08 598522382523489742487552.00
GM1noBHs 1.00 225 3 645793.19 11.59 -9.14 5.69 0.49 0.34 15.82 14650.52 25967795.05 0.0008800459 23.41 317825448617980618342400.00
GM1noBHs 1.00 226 6 1221844.19 -6.98 -16.63 -15.31 0.43 0.24 23.66 12506.65 22774067.33 0.0010864202 11.68 263084772149643039473664.00
GM1noBHs 1.00 227 2 95814.89 -11.37 12.51 -3.12 0.17 0.16 17.19 12357.45 47957507.10 0.0093942807 31.04 125912302901488645046272.00
GM1noBHs 1.00 228 4 593801.52 -8.84 12.06 9.07 0.46 0.43 17.49 12232.22 51169106.99 0.0107993569 28.41 116322265597093605277696.00
GM1noBHs 1.00 229 4 786657.23 -0.27 -133.21 18.25 0.83 0.50 134.46 296275.12 8239409510.06 0.0000000928 40.21 1142505606301191025721344.00
GM1noBHs 1.00 230 3 599924.97 2.32 -132.11 17.11 0.67 0.49 133.23 11317.46 33244390.13 0.0040468058 26.44 157411143951354507034624.00
GM1noBHs 1.00 231 2 367614.85 1.26 -145.86 20.28 0.32 0.27 147.27 9176.90 34953497.89 0.0092003345 8.81 96124707097175469850624.00
GM1noBHs 1.00 232 6 1229732.77 0.70 -145.18 21.43 0.75 0.50 146.76 9768.77 90334500.48 0.0332316120 15.77 52806382197634269970432.00
GM1noBHs 1.00 233 2 426467.86 -18.19 -86.18 0.77 0.50 0.50 88.09 13131.98 11005358.37 0.0001020230 6.83 504800995380738599682048.00
GM1noBHs 1.00 234 2 302106.71 -15.91 -94.45 0.80 0.48 0.34 95.78 25026.52 3404990.30 0.0000007520 2.24 3275202662130697078046720.00
GM1noBHs 1.00 235 3 573435.18 -16.67 -86.12 1.77 0.44 0.34 87.73 14710.81 8169965.82 0.0000290692 9.59 744128912297974795599872.00
GM1noBHs 1.00 236 2 314779.65 2.46 -94.29 8.76 0.35 0.25 94.73 42031.65 32603319.25 0.0000413395 9.34 1713462081542754112897024.00
GM1noBHs 1.00 237 3 615984.94 -5.65 -94.45 13.19 0.55 0.41 95.54 16542.28 6070613.41 0.0000103803 14.96 1099200471139235722690560.00
GM1noBHs 1.00 238 2 454779.01 -12.51 -95.88 17.98 0.18 0.18 98.35 38004.35 6545736.64 0.0000007195 7.06 4232306706086243917103104.00
GM1noBHs 1.00 239 5 1008393.02 -14.12 -90.00 15.90 0.75 0.61 92.48 15505.43 7560479.51 0.0000207893 4.48 849656303232747099389952.00
GM1noBHs 1.00 240 2 308130.18 -6.01 -96.64 12.99 0.47 0.33 97.70 26865.40 5347318.94 0.0000016630 4.29 2713485935226030185775104.00
GM1noBHs 1.00 241 3 470832.68 -10.14 -93.72 12.64 0.63 0.51 95.11 18310.38 5813418.48 0.0000069227 5.13 1344235498698090378952704.00
GM1noBHs 1.00 242 2 440475.36 -11.12 -93.42 12.63 0.42 0.42 94.92 17150.94 5775984.36 0.0000083549 7.58 1207647296928799300517888.00
GM1noBHs 1.00 243 3 670712.76 -16.15 -89.70 18.97 0.75 0.61 93.10 20931.73 4081567.05 0.0000020610 7.62 2136270667668489318170624.00
GM1noBHs 1.00 244 2 302770.24 2.34 -103.05 18.45 0.66 0.47 104.71 13370.01 9849921.72 0.0000647145 5.62 551127609069549190643712.00
GM1noBHs 1.00 245 2 472156.44 -12.96 -90.93 17.63 0.26 0.26 93.52 17318.63 5724366.54 0.0000080573 6.39 1236841559757165128843264.00
GM1noBHs 1.00 246 2 258752.21 -8.89 -115.81 24.46 0.37 0.31 118.69 18485.29 3689911.11 0.0000025227 18.88 1855019166630598666092544.00
GM1noBHs 1.00 247 2 244382.63 -9.01 -104.64 20.19 0.46 0.37 106.95 23972.77 5365210.19 0.0000022125 13.64 2229802058486102999695360.00
GM1noBHs 1.00 248 2 383743.96 26.67 -38.30 84.39 0.38 0.34 96.44 40671.16 10345664.08 0.0000015047 1.35 3473626417016390358663168.00
GM1noBHs 1.00 249 3 642149.13 18.85 -54.02 11.28 0.44 0.32 58.32 16308.00 10297236.86 0.0000402714 4.69 763435584710050257567744.00
GM1noBHs 1.00 250 2 382310.76 64.09 -55.61 93.33 0.40 0.36 126.14 38522.67 5042554.62 0.0000004960 9.93 5151677316083772165193728.00
GM1noBHs 1.00 251 3 727545.81 81.74 -54.44 103.91 0.69 0.56 142.97 28165.30 4837460.22 0.0000009407 8.83 3127088388628769327284224.00
GM1noBHs 1.00 252 2 326317.13 79.41 -52.73 103.39 0.10 0.07 140.62 38990.59 5824905.71 0.0000002885 5.00 4767101927697623038296064.00
GM1noBHs 1.00 253 2 332527.72 12.63 -31.27 69.08 0.63 0.49 76.87 18974.88 7540492.31 0.0000107650 11.47 1191461137353257441558528.00
GM1noBHs 1.00 254 3 661053.15 10.40 -21.58 46.50 0.65 0.46 52.31 70109.81 26710263.59 0.0000000503 5.52 4601580607993439980617728.00
GM1noBHs 1.00 255 2 448432.40 10.80 -32.13 69.74 0.22 0.22 77.54 13220.93 10286027.49 0.0000788943 12.04 524866502564143198896128.00
GM1noBHs 1.00 256 4 633764.64 10.54 -32.49 70.90 0.83 0.50 78.70 15238.37 9097271.04 0.0000373811 11.37 734324639370656939507712.00
GM1noBHs 1.00 257 7 1332006.14 12.28 -46.64 11.73 1.02 0.80 49.64 16336.16 10220410.71 0.0000351580 11.88 757730829047782701006848.00
GM1noBHs 1.00 258 24 4491701.77 -5.58 -6.53 19.25 1.55 0.78 21.08 18392.13 62680326.96 0.0062503910 31.96 250648082380124655190016.00
GM1noBHs 1.00 259 3 579221.16 -9.47 -6.61 23.15 0.13 0.10 25.87 19422.15 20530541.73 0.0001001516 3.91 627648877315662060453888.00
GM1noBHs 1.00 260 3 657773.36 95.31 -41.52 134.01 0.66 0.46 169.60 160751.34 10420280079.88 0.0205173512 33.35 375206818599619090448384.00
GM1noBHs 1.00 261 8 1604863.22 -8.10 -7.33 23.90 0.73 0.50 26.27 15708.60 19557678.72 0.0002609119 24.54 449444726493491423608832.00
GM1noBHs 1.00 262 4 785288.78 25.79 -27.14 45.65 0.71 0.42 59.04 51672.77 16869778.56 0.0000013307 10.83 3748876845649480460009472.00
GM1noBHs 1.00 263 2 231474.52 47.99 -35.87 46.99 0.47 0.35 76.14 26453.81 7682921.60 0.0000026933 3.93 2068931579007651717054464.00
GM1noBHs 1.00 264 4 759271.80 47.75 -37.24 47.72 0.74 0.48 77.10 30618.59 9754794.88 0.0000031414 8.38 2250867471004175863644160.00
GM1noBHs 1.00 265 26 4532239.47 7.88 -30.71 68.57 2.67 1.25 75.55 11763.49 20553464.55 0.0013264636 18.68 274612759004962552283136.00
GM1noBHs 1.00 266 2 321839.04 9.34 -29.75 70.08 0.65 0.48 76.70 14578.71 13731491.05 0.0001888552 22.65 530115663154384625205248.00
GM1noBHs 1.00 267 2 431941.54 9.03 -17.92 25.15 0.49 0.49 32.17 67684.62 42756667.95 0.0000000976 9.58 3182267072070615337795584.00
GM1noBHs 1.00 268 2 424569.56 24.36 -32.92 84.97 0.30 0.27 94.32 51774.91 14194342.53 0.0000001935 15.71 4212436494017477600083968.00
GM1noBHs 1.00 269 3 609650.05 24.62 -34.60 83.82 0.64 0.54 93.96 16523.76 5855956.72 0.0000097520 10.74 1119939209357456719216640.00
GM1noBHs 1.00 270 2 316117.60 22.30 -33.26 82.34 0.20 0.20 91.56 20959.30 4956220.60 0.0000031445 3.15 1873053945477141454913536.00
GM1noBHs 1.00 271 3 693833.72 5.34 -30.39 54.66 0.61 0.48 62.77 19982.21 9644821.96 0.0000154633 16.99 1105137691862703087288320.00
GM1noBHs 1.00 272 11 2360213.72 -4.14 -23.21 31.15 1.42 0.65 39.07 14397.48 17826054.48 0.0003113137 21.32 415936431307301064802304.00
GM1noBHs 1.00 273 12 2479455.23 -0.14 -24.37 49.86 1.73 1.04 55.50 18244.72 13727158.71 0.0000517389 16.52 746776339478197091434496.00
GM1noBHs 1.00 274 10 1982410.04 -2.96 -24.90 35.66 1.36 0.96 43.59 46888.72 49191385.17 0.0000255701 18.69 1576192404816160333234176.00
GM1noBHs 1.00 275 14 2603876.40 -3.05 -24.58 53.54 1.85 0.84 58.99 18255.71 17659366.39 0.0001507356 23.93 637988538284086262759424.00
GM1noBHs 1.00 276 6 1120822.40 2.39 -28.65 49.93 0.80 0.51 57.61 27352.47 14670818.43 0.0000148450 22.25 1422502236834029199425536.00
GM1noBHs 1.00 277 2 312772.92 5.72 -28.54 53.33 0.13 0.13 60.76 20263.33 8530976.11 0.0000109770 11.12 1226720493041679339618304.00
GM1noBHs 1.00 278 2 379324.33 4.87 -29.80 53.55 0.45 0.40 61.48 18311.02 8721440.45 0.0000169305 9.96 1020824757338303730024448.00
GM1noBHs 1.00 279 3 524322.43 4.35 -75.07 13.34 0.62 0.48 76.38 15174.05 8950710.82 0.0000412959 10.07 755697798198100737654784.00
GM1noBHs 1.00 280 13 2284784.31 -2.99 -26.60 37.97 1.53 0.88 46.45 24619.15 28010240.97 0.0001863162 30.49 779884972017455286190080.00
GM1noBHs 1.00 281 3 627335.50 -1.44 -25.58 55.71 0.78 0.51 61.32 40078.61 25973894.14 0.0000105516 20.87 1831903160201395174375424.00
GM1noBHs 1.00 282 2 432876.78 -1.78 -25.89 54.32 0.48 0.38 60.20 15916.61 11929663.15 0.0000606415 24.68 650053347224835044933632.00
GM1noBHs 1.00 283 3 646587.29 11.76 -54.39 11.68 0.88 0.58 56.86 15635.46 10518979.13 0.0000488922 11.96 702068904728019802783744.00
GM1noBHs 1.00 284 2 393575.05 -3.50 -138.13 31.81 0.40 0.35 141.79 20427.49 4989897.74 0.0000034250 3.53 1793371407384753972707328.00
GM1noBHs 1.00 285 2 378201.82 0.45 -135.65 15.22 0.47 0.41 136.50 11088.32 84377203.19 0.0252727198 6.84 68703614865977777324032.00
GM1noBHs 1.00 286 2 310242.84 -2.17 -133.94 18.51 0.50 0.49 135.23 223774.47 3083857129.32 0.0000000557 43.64 1780026904252651222859776.00
GM1noBHs 1.00 287 4 737860.41 -4.70 -90.05 12.88 0.80 0.63 91.08 15776.83 6661861.05 0.0000148574 17.53 952603948120857785663488.00
GM1noBHs 1.00 288 4 763696.24 -4.83 -92.41 12.86 0.74 0.51 93.42 15443.34 6954241.64 0.0000175816 12.99 894298914713253510643712.00
GM1noBHs 1.00 289 5 433418.13 -15.58 7.31 -2.41 0.37 0.23 17.38 11466.27 47882446.31 0.0111303281 36.89 108251430493080583667712.00
GM1noBHs 1.00 290 2 270601.08 -13.72 13.23 0.11 0.35 0.21 19.06 11255.69 68738926.58 0.0190065057 15.30 80680544344323964010496.00
GM1noBHs 1.00 291 2 133459.33 -16.97 7.64 -6.36 0.15 0.12 19.67 11837.23 29241179.31 0.0026144725 19.24 188541502637562711244800.00
GM1noBHs 1.00 292 2 426704.03 -17.19 -93.00 -9.38 0.29 0.29 95.04 18557.91 5438836.82 0.0000055811 14.90 1444737060566902868279296.00
GM1noBHs 1.00 293 2 143004.46 -13.18 8.46 -7.47 0.31 0.24 17.35 71623.31 352205796.92 0.0027851709 18.15 842933694453647400763392.00
GM1noBHs 1.00 294 2 430454.12 7.97 -83.59 9.11 0.32 0.32 84.46 12324.25 13525393.91 0.0002156489 6.99 385058128609484203884544.00
GM1noBHs 1.00 295 6 1228414.06 16.18 -34.84 6.14 1.68 0.89 38.91 12162.92 16810573.48 0.0004826950 12.00 320745497630847826657280.00
GM1noBHs 1.00 296 3 619097.25 15.11 -34.88 5.76 0.47 0.33 38.45 12768.19 16233843.90 0.0003286785 9.73 357488822057314910470144.00
