model linking_length pyfof_grp N clump_mass[Msol] com_x[kpc] com_y[kpc] com_z[kpc] max_r[kpc] clump_r_avg[kpc] r[kpc] avg_temp[K] avg_pressure[Pa] avg_nHden[cm^-3] vdist[km/s] entropy[K/(Msolkpc**3)**(2/3)]
GM2 1.00 0 2 465524.05 -141.63 -40.35 -84.93 0.33 0.33 170.00 27609.44 1130496.41 0.0000000630 1.64 8063536529239129670549504.00
GM2 1.00 1 14 2946986.12 -23.44 5.15 -32.01 0.81 0.50 40.01 12759.67 16398356.06 0.0003580091 7.05 353837162145282399404032.00
GM2 1.00 2 6 1217843.07 -24.68 9.09 -21.99 0.67 0.47 34.28 17980.80 12045255.75 0.0000377312 6.57 793011932427525984092160.00
GM2 1.00 3 5 1016266.91 -95.36 -24.91 -65.81 0.89 0.62 118.51 15035.56 7175330.90 0.0000206080 6.96 840568242869425959600128.00
GM2 1.00 4 2 381948.85 -94.30 -25.45 -64.63 0.30 0.26 117.12 14189.38 7903835.15 0.0000299820 5.56 711152605569094258786304.00
GM2 1.00 5 3 591015.23 -119.42 -39.49 -68.31 0.98 0.69 143.14 29102.83 1758734.72 0.0000001233 5.99 6563674853171012200038400.00
GM2 1.00 6 2 424411.32 -25.13 -3.07 -5.44 0.02 0.02 25.89 13703.05 12734190.89 0.0001213158 1.49 479937952976030973034496.00
GM2 1.00 7 2 451598.13 -23.52 3.67 -35.20 0.49 0.46 42.50 21188.53 7430341.21 0.0000071058 6.38 1463777453249628764897280.00
GM2 1.00 8 14 3060094.25 -40.62 -16.68 -34.32 1.70 0.72 55.73 13084.91 11541303.82 0.0001196444 5.77 482960362625445536989184.00
GM2 1.00 9 6 1278248.73 -72.71 -10.15 -42.37 0.78 0.48 84.76 15983.45 5623474.35 0.0000097701 4.05 1094146070795119157575680.00
GM2 1.00 10 3 655894.81 -57.55 29.69 -38.60 0.31 0.26 75.39 39759.48 5336109.21 0.0000002101 6.09 5237711995053925103304704.00
GM2 1.00 11 21 4208831.74 -55.47 -4.62 -44.18 2.35 1.16 71.06 13572.90 11575351.80 0.0001082574 11.87 517774260305575664418816.00
GM2 1.00 12 3 642009.49 -73.64 -8.28 -42.84 0.24 0.16 85.59 19028.37 4998024.14 0.0000043456 4.14 1588501676683279177089024.00
GM2 1.00 13 3 659502.98 -71.66 -9.85 -43.68 0.30 0.22 84.50 17372.20 5095029.39 0.0000060374 10.22 1345109698337552998596608.00
GM2 1.00 14 13 2715542.50 -71.34 -19.52 -54.28 1.43 0.79 91.74 16642.12 5283948.08 0.0000075479 5.17 1223753080811120519806976.00
GM2 1.00 15 9 1805500.70 -81.77 -11.19 -59.98 1.02 0.55 102.02 17401.10 4886149.72 0.0000056066 4.02 1388900487705090609643520.00
GM2 1.00 16 12 2611810.21 -86.69 -12.34 -56.00 1.54 0.90 103.94 14418.48 7599673.81 0.0000265853 8.53 752715845601370222624768.00
GM2 1.00 17 11 2205551.21 -42.21 -21.25 -22.75 1.03 0.66 52.45 15129.70 10559446.61 0.0000526847 8.47 652278733607844265852928.00
GM2 1.00 18 2 438881.04 -89.54 -21.07 -70.20 0.50 0.49 115.71 18940.20 4246168.52 0.0000030908 3.79 1760138229169682657574912.00
GM2 1.00 19 3 668389.70 -93.84 -21.28 -69.13 0.61 0.48 118.48 19217.29 4467499.54 0.0000033802 7.93 1748874067573380686544896.00
GM2 1.00 20 3 632879.33 -91.07 -21.30 -69.77 0.78 0.54 116.69 16905.12 4692681.83 0.0000055365 4.51 1361436975955939612950528.00
GM2 1.00 21 2 424202.01 -90.57 -20.24 -68.92 0.12 0.12 115.60 17035.34 4767914.37 0.0000055427 2.06 1361622585829363835469824.00
GM2 1.00 22 3 685598.11 -89.69 -20.75 -68.29 0.83 0.54 114.62 18694.03 4217608.68 0.0000032293 4.52 1733744590548081628413952.00
GM2 1.00 23 4 806143.92 -87.50 -13.41 -58.26 0.73 0.57 105.97 16999.73 6337569.86 0.0000118599 8.63 1137773914876229527273472.00
GM2 1.00 24 2 429866.89 -89.38 -13.66 -55.93 0.44 0.43 106.32 19015.73 4942793.28 0.0000049627 8.27 1630474760776733104799744.00
GM2 1.00 25 2 435643.25 -91.98 -20.31 -34.85 0.33 0.32 100.44 38406.36 4264112.94 0.0000001554 5.07 5760216058074869310423040.00
GM2 1.00 26 7 1519176.56 -88.84 -50.77 -55.63 0.90 0.62 116.47 18885.53 3298672.25 0.0000018313 3.18 2080492379405808205561856.00
GM2 1.00 27 6 1207463.79 -95.40 -26.26 -63.94 1.01 0.60 117.81 13312.51 8834316.08 0.0000523317 4.90 597774753233747432177664.00
GM2 1.00 28 2 428416.27 -148.10 -53.46 -62.53 0.14 0.14 169.41 25425.98 1544877.92 0.0000001524 0.36 5706212218781484162482176.00
GM2 1.00 29 2 388060.23 -146.92 -53.08 -63.41 0.43 0.39 168.59 27941.09 1506813.25 0.0000001057 1.36 6797733708841736877375488.00
GM2 1.00 30 3 678766.46 -88.09 -51.73 -57.03 0.75 0.55 117.00 20891.75 3296492.49 0.0000013286 8.25 2462190064480257528823808.00
GM2 1.00 31 2 435729.44 -140.81 -34.16 -86.46 0.14 0.14 168.73 31386.44 1508115.30 0.0000000694 2.74 8238261067577573081350144.00
GM2 1.00 32 2 450674.43 -47.15 -26.43 -31.52 0.17 0.16 62.57 18403.12 6023494.02 0.0000073591 2.84 1321026323675333976391680.00
GM2 1.00 33 5 964523.71 -47.30 -25.26 -31.22 0.38 0.19 62.05 19415.04 6201317.89 0.0000064996 4.81 1416464453501789392601088.00
GM2 1.00 34 16 3209302.32 -19.49 -4.66 -32.13 0.88 0.35 37.86 12385.86 18906597.54 0.0006777035 6.22 299939444633678519468032.00
GM2 1.00 35 13 2510167.37 24.58 6.21 -1.00 0.95 0.40 25.37 11577.31 22243344.59 0.0013518404 4.99 231055153382332158705664.00
GM2 1.00 36 8 1488930.13 35.76 7.46 1.00 0.81 0.55 36.54 14053.71 11770531.68 0.0000897537 8.83 529223510615780329783296.00
GM2 1.00 37 21 4250525.34 41.56 -6.70 0.49 1.03 0.48 42.10 10372.00 25353840.92 0.0026292082 6.72 168603249025383481212928.00
GM2 1.00 38 8 1576052.27 57.58 -4.96 0.10 1.18 0.74 57.80 14482.36 9371513.74 0.0000454692 13.52 656170233639568494559232.00
GM2 1.00 39 3 535523.56 35.97 8.41 -20.18 0.29 0.27 42.09 16426.00 6693791.55 0.0000132779 2.30 1014001470334725028577280.00
GM2 1.00 40 8 1705574.10 35.03 -2.97 -2.39 0.72 0.26 35.23 13790.50 12085782.56 0.0001031659 4.10 502783255564087745052672.00
GM2 1.00 41 2 366175.89 53.42 -0.96 -3.88 0.36 0.31 53.56 17249.13 6165237.89 0.0000095424 6.10 1165114064072046427504640.00
GM2 1.00 42 3 677056.10 54.71 -1.79 -4.37 0.62 0.40 54.91 16862.53 6363590.36 0.0000109777 8.39 1097856773587405675429888.00
GM2 1.00 43 9 1866041.34 7.97 7.55 -14.11 1.30 0.63 17.88 24797.27 73809035.69 0.0036979382 16.26 386973760284722078941184.00
GM2 1.00 44 3 589043.09 32.17 6.10 -8.53 0.34 0.23 33.84 17567.52 7738038.03 0.0000146958 5.72 1029832175765313749516288.00
GM2 1.00 45 8 1582655.99 15.86 7.31 -9.79 0.63 0.26 20.02 11107.40 25017483.70 0.0020732618 5.37 194442008072856769921024.00
GM2 1.00 46 3 658350.12 52.16 -2.28 -9.12 0.38 0.27 53.00 18956.70 5643408.67 0.0000057777 1.83 1448195050203422922899456.00
GM2 1.00 47 5 990866.76 33.21 -3.57 -11.27 0.58 0.27 35.26 16234.56 9048373.02 0.0000267242 6.45 810900706876423690780672.00
GM2 1.00 48 7 1485490.74 27.56 -2.45 -31.59 0.32 0.18 41.99 14104.01 12105142.46 0.0000959674 3.73 521075497173489712889856.00
GM2 1.00 49 4 694186.58 53.18 -5.91 -21.55 0.94 0.61 57.69 22317.38 5009624.66 0.0000025358 9.04 2067152342248535086858240.00
GM2 1.00 50 2 450576.02 50.60 -2.72 -56.69 0.52 0.50 76.04 20519.76 2893637.68 0.0000010908 6.14 2597555235683790651129856.00
GM2 1.00 51 9 1820423.78 22.10 3.11 7.46 0.33 0.16 23.54 11733.86 19112276.40 0.0008803919 5.62 265775157035606636232704.00
GM2 1.00 52 37 7450811.75 15.90 6.73 8.72 2.17 1.21 19.34 10722.39 59308637.97 0.0169526822 18.77 104872394801041060659200.00
GM2 1.00 53 10 1975990.35 24.03 0.62 11.87 1.28 0.73 26.81 12817.18 16394344.68 0.0003768855 16.01 357574225862887890485248.00
GM2 1.00 54 3 530356.11 21.95 12.46 15.65 0.57 0.43 29.70 15458.44 11254987.45 0.0000565108 12.55 641120246294927951003648.00
GM2 1.00 55 2 440615.49 18.94 9.55 15.11 0.16 0.16 26.04 16116.26 10425034.99 0.0000393621 5.80 725708350876371113738240.00
GM2 1.00 56 4 832398.98 21.17 12.76 10.46 0.56 0.29 26.84 13958.79 13838376.09 0.0001466631 10.44 466016219062451251970048.00
GM2 1.00 57 2 397568.98 16.28 14.05 11.74 0.08 0.07 24.50 13888.28 12969587.49 0.0001230591 2.43 483513648886730530488320.00
GM2 1.00 58 10 1967289.93 40.72 -22.71 16.81 1.16 0.59 49.56 14985.94 9453434.72 0.0000407871 8.22 688478524686672777445376.00
GM2 1.00 59 8 1569759.75 42.20 -22.60 22.66 0.65 0.40 52.96 15117.39 8247302.84 0.0000274052 8.37 764404240399285234958336.00
GM2 1.00 60 3 579385.50 17.60 -6.54 22.09 0.13 0.10 29.00 16625.36 9221339.25 0.0000259368 1.68 832137706856868793548800.00
GM2 1.00 61 2 359959.07 42.16 -34.30 20.53 0.52 0.40 58.10 23521.41 4660529.43 0.0000018793 5.95 2373954235855599663316992.00
GM2 1.00 62 4 842871.22 17.75 -17.44 11.28 0.83 0.56 27.32 17187.45 10795785.07 0.0000346075 10.81 791288174665931461492736.00
GM2 1.00 63 19 3791053.02 41.10 -0.63 3.62 1.04 0.41 41.27 10526.67 23190587.56 0.0020355224 6.44 186402466182740781826048.00
GM2 1.00 64 20 4026426.58 67.13 -47.67 3.47 2.36 1.50 82.41 10975.43 17275146.75 0.0009255924 7.34 264055175715798625812480.00
GM2 1.00 65 2 318208.43 56.73 -45.94 11.07 0.55 0.40 73.84 12197.45 11035154.20 0.0001391129 7.83 439610661111827842203648.00
GM2 1.00 66 3 505678.08 112.39 -87.81 12.30 0.78 0.59 143.15 15917.75 12216434.55 0.0000662498 26.47 649779048663242302816256.00
GM2 1.00 67 2 466526.73 57.84 -47.67 12.26 0.26 0.25 75.95 16203.69 5150828.19 0.0000080865 0.92 1190063105321400275042304.00
GM2 1.00 68 80 15638706.37 54.12 -43.33 11.15 5.48 2.60 70.22 10648.56 20863039.72 0.0018672590 10.93 222914690763459078914048.00
GM2 1.00 69 3 592826.85 57.93 -44.47 9.71 0.30 0.26 73.67 10631.54 19290212.47 0.0012362430 3.34 219869994140194912075776.00
GM2 1.00 70 2 317987.21 56.13 -44.91 11.00 0.61 0.43 72.72 10878.08 17299229.48 0.0008431422 5.74 251861217217378051424256.00
GM2 1.00 71 15 2937830.70 68.22 -46.16 4.48 2.37 1.49 82.49 11057.16 16982530.33 0.0009032721 10.40 276569127019482638712832.00
GM2 1.00 72 2 380766.79 68.68 -42.91 7.72 0.54 0.48 81.35 13566.20 8580014.03 0.0000433661 8.31 619658305451516818882560.00
GM2 1.00 73 2 456456.44 69.73 -43.97 6.03 0.35 0.35 82.66 12199.47 11742522.66 0.0001668665 0.59 421007022512109453836288.00
GM2 1.00 74 5 1000170.91 67.52 -45.16 6.27 1.16 0.86 81.47 11867.60 13151460.57 0.0003168823 12.03 375931347657804740558848.00
GM2 1.00 75 3 601979.79 67.96 -49.21 6.41 0.42 0.31 84.15 12649.72 11103553.53 0.0001130011 6.08 460538646181401021382656.00
GM2 1.00 76 5 1088831.98 67.77 -52.68 6.39 1.05 0.72 86.08 11995.78 13211902.68 0.0002500156 8.02 374436238191737060720640.00
GM2 1.00 77 2 447996.44 70.39 -46.29 2.70 0.21 0.20 84.29 12747.15 10807729.22 0.0001098906 6.17 480223377107713813118976.00
GM2 1.00 78 4 756557.19 68.95 -49.29 3.65 0.82 0.65 84.83 11960.49 12440699.49 0.0002066104 2.62 389439454046632311521280.00
GM2 1.00 79 2 394216.09 68.54 -51.01 5.33 0.49 0.44 85.60 12257.71 12778001.68 0.0001878258 5.05 393806563982911167528960.00
GM2 1.00 80 2 380310.93 69.55 -55.70 4.87 0.08 0.07 89.24 10516.16 18655473.40 0.0011758726 3.10 221401493478664206024704.00
GM2 1.00 81 10 2078067.01 -40.47 -30.04 13.02 0.98 0.47 52.06 14622.53 9318110.62 0.0000411020 5.90 668592033359913052798976.00
GM2 1.00 82 9 1900970.40 -44.88 -40.60 18.52 1.01 0.47 63.29 16388.45 6597684.89 0.0000128711 6.50 1025279995357237727985664.00
GM2 1.00 83 4 698337.61 177.30 -77.03 -15.94 1.08 0.67 193.97 12721.39 9166448.90 0.0000648082 3.96 534139437799028268466176.00
GM2 1.00 84 2 226848.10 176.32 -77.49 -18.61 0.41 0.40 193.50 13152.32 9423889.14 0.0000612839 3.57 552639807674822621659136.00
GM2 1.00 85 5 1080789.50 180.41 -77.48 -13.52 0.97 0.64 196.80 13852.37 6428851.52 0.0000203137 3.14 784078339036771138928640.00
GM2 1.00 86 2 246283.18 188.10 -77.07 -14.28 0.29 0.23 203.78 15880.76 4263599.10 0.0000054967 2.13 1309570460458602087841792.00
GM2 1.00 87 2 431277.82 198.95 -73.39 -11.46 0.32 0.32 212.37 17238.25 4322779.70 0.0000043886 4.50 1487559213331771729903616.00
GM2 1.00 88 2 316197.01 198.82 -75.86 -12.23 0.32 0.23 213.15 14427.44 6210286.44 0.0000166099 2.80 858428632385290082713600.00
GM2 1.00 89 2 439873.64 179.19 -75.84 -13.93 0.47 0.46 195.08 13593.05 6974787.68 0.0000256706 1.78 717720861717690662780928.00
GM2 1.00 90 2 326771.13 196.65 -68.40 1.45 0.67 0.48 208.22 14731.24 5490498.24 0.0000118459 7.02 967046139849096610971648.00
GM2 1.00 91 2 435656.10 185.10 -64.25 -9.47 0.36 0.35 196.17 22195.25 2521592.49 0.0000006397 2.35 3258325658227692181389312.00
GM2 1.00 92 2 444426.95 191.08 -71.46 2.56 0.46 0.44 204.03 15949.38 5421473.02 0.0000091270 5.56 1116666635593356106792960.00
GM2 1.00 93 2 333221.18 193.66 -71.31 1.87 0.48 0.46 206.38 15451.99 4738383.81 0.0000074851 8.17 1161483846148787376488448.00
GM2 1.00 94 2 451437.49 181.44 -68.59 -1.59 0.30 0.28 193.98 15167.58 5791786.63 0.0000122865 8.60 979397502354430344822784.00
GM2 1.00 95 2 431357.23 177.57 -68.01 1.02 0.17 0.17 190.15 15940.63 5183753.15 0.0000082532 1.17 1146891198254797813710848.00
GM2 1.00 96 2 330044.69 177.96 -67.23 3.16 0.55 0.42 190.26 15944.88 4303187.19 0.0000055263 6.40 1303821676500195108454400.00
GM2 1.00 97 2 319981.31 199.65 -74.92 -16.32 0.68 0.49 213.86 18671.75 3198819.76 0.0000019368 5.25 2101000989133087447187456.00
GM2 1.00 98 2 433818.30 196.99 -75.12 -15.74 0.41 0.40 211.42 16580.80 4026665.65 0.0000041853 9.08 1455526854860745587294208.00
GM2 1.00 99 2 458068.61 175.51 -71.69 5.66 0.47 0.45 189.67 14869.39 5491229.57 0.0000115832 3.05 980611083295113435152384.00
GM2 1.00 100 2 424555.52 176.42 -74.02 9.05 0.40 0.40 191.54 15524.68 5995984.48 0.0000124847 1.04 998042252449842567577600.00
GM2 1.00 101 2 448265.22 184.19 -72.56 -8.55 0.18 0.18 198.15 16599.21 3537182.70 0.0000031529 4.25 1589757999870087553613824.00
GM2 1.00 102 3 593984.95 198.54 -63.96 -15.89 0.60 0.43 209.19 24476.78 3297938.08 0.0000008468 3.04 3229494423098928949886976.00
GM2 1.00 103 2 353668.13 190.47 -66.91 -16.91 0.40 0.28 202.58 18448.08 3628421.92 0.0000024186 5.69 1869786710941124412833792.00
GM2 1.00 104 2 430306.14 193.13 -64.40 -18.62 0.45 0.44 204.43 15996.14 4235614.94 0.0000052672 4.95 1325166847246712958877696.00
GM2 1.00 105 2 397362.81 192.32 -65.68 -17.84 0.44 0.41 204.01 16381.58 4187838.95 0.0000047637 1.63 1388930494003335380598784.00
GM2 1.00 106 2 379967.20 191.11 -63.51 -17.69 0.47 0.42 202.16 15263.99 4011816.35 0.0000054450 1.88 1277138772966243781574656.00
GM2 1.00 107 2 424192.96 179.29 -74.56 -13.12 0.34 0.34 194.62 15148.09 4634002.02 0.0000076438 5.32 1145027576504133600935936.00
GM2 1.00 108 2 435609.00 197.66 -77.64 -13.00 0.34 0.34 212.75 14392.00 6014637.42 0.0000155844 3.57 873525300486740316782592.00
GM2 1.00 109 2 368617.87 198.66 -63.10 -18.30 0.36 0.32 209.24 19753.04 3293214.01 0.0000015841 1.90 2239846083355106248491008.00
GM2 1.00 110 2 429664.66 181.74 -66.96 -18.95 0.30 0.30 194.61 13780.36 5899857.36 0.0000168879 3.62 824789318682767582560256.00
GM2 1.00 111 2 451597.30 188.71 -83.56 -16.59 0.16 0.16 207.05 16750.09 4895390.87 0.0000062602 2.88 1301198117792833897234432.00
GM2 1.00 112 2 494165.98 187.00 -82.30 -16.11 0.49 0.49 204.95 14473.93 5685949.84 0.0000136880 2.08 921651353417636468752384.00
GM2 1.00 113 2 373589.32 187.52 -80.11 -15.43 0.53 0.46 204.50 15054.18 5834012.33 0.0000126950 4.21 963802538769209377161216.00
GM2 1.00 114 2 315954.01 188.41 -73.39 -17.37 0.31 0.30 202.95 26604.73 2481708.30 0.0000003318 1.53 4471827986929187167404032.00
GM2 1.00 115 2 373373.85 182.56 -81.67 -18.86 0.56 0.49 200.89 17936.83 3488905.83 0.0000023922 10.91 1833109880398154884448256.00
GM2 1.00 116 2 192742.34 187.86 -80.07 -11.13 0.14 0.13 204.52 14523.96 6060096.50 0.0000153386 3.69 883995060814936992120832.00
GM2 1.00 117 3 649818.28 187.33 -80.00 -12.63 0.51 0.47 204.09 13489.18 7892312.91 0.0000352354 5.37 652909960427107285729280.00
GM2 1.00 118 4 695866.34 201.76 -79.42 -8.99 0.55 0.40 217.02 13930.21 6987682.91 0.0000246184 2.69 752450381003164062056448.00
GM2 1.00 119 2 431665.40 197.16 -78.35 -8.78 0.51 0.50 212.34 13440.19 8583483.37 0.0000439846 2.05 611331282597616633774080.00
GM2 1.00 120 2 462365.47 195.58 -78.67 -3.97 0.48 0.47 210.85 13527.47 7571791.96 0.0000333242 5.52 679345762411267965845504.00
GM2 1.00 121 2 378656.34 194.69 -77.87 -5.83 0.51 0.44 209.76 13171.03 8555054.16 0.0000478182 6.08 594585095347337823256576.00
GM2 1.00 122 2 392363.22 196.26 -79.76 -5.24 0.41 0.35 211.91 12050.61 11754965.95 0.0001544500 4.22 407089288796544610336768.00
GM2 1.00 123 4 701156.20 198.05 -79.70 -11.02 1.07 0.66 213.77 13258.28 8121247.44 0.0000439370 3.20 631254922391142864519168.00
GM2 1.00 124 3 712057.97 198.02 -81.42 -6.70 0.83 0.59 214.21 11637.71 12474971.14 0.0002149795 6.80 368613695301772399083520.00
GM2 1.00 125 3 658249.13 194.08 -80.38 -5.36 0.66 0.49 210.13 12606.15 8863101.70 0.0000619558 8.02 539888150784699483029504.00
GM2 1.00 126 2 424199.40 196.05 -81.43 -6.14 0.37 0.37 212.38 12418.11 10897653.13 0.0001109071 1.11 452501669723361345798144.00
GM2 1.00 127 3 597284.54 179.21 -81.40 -2.71 0.72 0.43 196.85 13873.57 6097336.51 0.0000180057 3.84 816192401052535571349504.00
GM2 1.00 128 2 340529.81 177.60 -82.09 -0.37 0.52 0.38 195.65 14003.82 6147240.00 0.0000177727 3.62 822028237891950480457728.00
GM2 1.00 129 2 379673.72 181.15 -81.40 -5.06 0.43 0.39 198.67 14625.45 5716143.38 0.0000132688 2.69 930311240839555681615872.00
GM2 1.00 130 3 648432.25 179.45 -80.31 -7.14 0.75 0.56 196.73 15137.95 4460360.68 0.0000069077 8.80 1164772897298393312788480.00
GM2 1.00 131 2 434083.74 199.02 -77.70 -16.27 0.44 0.43 214.27 17605.66 3873167.61 0.0000033298 8.03 1667343382094980197646336.00
GM2 1.00 132 2 393209.53 193.60 -77.82 -9.55 0.45 0.41 208.87 15324.53 5442574.49 0.0000108906 6.77 1049044093185718967336960.00
GM2 1.00 133 2 331828.74 198.69 -85.22 -8.67 0.47 0.46 216.37 23945.65 4237158.41 0.0000015046 2.80 2628049201095797425307648.00
GM2 1.00 134 2 444992.25 198.16 -82.04 -8.14 0.49 0.48 214.63 12434.55 9827121.88 0.0000833951 5.26 488234749662675014254592.00
GM2 1.00 135 3 578622.51 201.41 -80.74 -10.22 0.53 0.41 217.23 14002.62 6037904.08 0.0000179102 6.59 844051577758234133397504.00
GM2 1.00 136 3 603272.90 194.41 -79.86 -11.52 0.69 0.42 210.48 14151.33 5407000.13 0.0000133984 2.29 921871007235442787483648.00
GM2 1.00 137 2 425011.66 158.45 -62.80 -32.82 0.49 0.48 173.57 13665.98 6569224.26 0.0000237183 1.68 776547754517301425078272.00
GM2 1.00 138 2 349625.93 158.69 -62.77 -31.35 0.23 0.21 173.50 13793.39 6426745.24 0.0000203598 3.31 779472721374540134875136.00
GM2 1.00 139 2 424731.26 154.91 -64.38 -30.95 0.43 0.43 170.58 13727.92 6831112.85 0.0000235946 3.23 743296072699500019318784.00
GM2 1.00 140 2 424268.92 157.04 -60.55 -32.30 0.36 0.36 171.38 12665.51 10331345.34 0.0000881757 2.53 487384312986052176379904.00
GM2 1.00 141 2 385087.88 158.84 -65.42 -31.77 0.57 0.47 174.69 16040.55 4061603.16 0.0000047878 1.73 1373958362672265309454336.00
GM2 1.00 142 2 429897.71 180.94 -61.09 -23.66 0.14 0.13 192.43 15474.99 4651055.74 0.0000070483 1.62 1177339716389562757414912.00
GM2 1.00 143 3 583618.06 158.22 -58.91 -31.79 0.69 0.55 171.80 12772.65 9898918.82 0.0000786229 5.75 510577003886005960310784.00
GM2 1.00 144 2 370963.19 158.67 -59.42 -33.20 0.25 0.22 172.66 12870.54 8665267.39 0.0000517964 5.46 566637996085343854526464.00
GM2 1.00 145 2 320964.41 180.14 -58.86 -25.08 0.66 0.49 191.16 16724.36 4225649.94 0.0000046066 3.49 1434388951574806794338304.00
GM2 1.00 146 2 424169.24 183.47 -59.25 -30.42 0.33 0.33 195.19 17834.59 2923545.40 0.0000017188 4.11 2054078593458500509106176.00
GM2 1.00 147 2 427710.71 182.54 -61.22 -28.97 0.38 0.37 194.70 15420.66 4407502.00 0.0000063377 4.97 1213221922068331312971776.00
GM2 1.00 148 2 317245.10 170.00 -59.64 -22.42 0.65 0.49 181.55 14666.82 5155357.07 0.0000105759 2.97 1006626713587501729054720.00
GM2 1.00 149 2 424185.98 171.94 -57.86 -21.44 0.49 0.49 182.68 17506.34 3201300.72 0.0000021550 3.69 1867647358652874150117376.00
GM2 1.00 150 4 861924.02 167.91 -61.62 -22.54 0.97 0.64 180.28 13810.55 6877949.04 0.0000242948 3.86 750783853163210417897472.00
GM2 1.00 151 2 381622.09 178.81 -60.20 -25.23 0.35 0.30 190.35 17766.73 4100447.62 0.0000036143 3.22 1623789277977092001103872.00
GM2 1.00 152 2 377998.12 163.31 -50.49 -32.13 0.50 0.44 173.94 23599.27 2142294.68 0.0000003778 6.16 4029421657348974061813760.00
GM2 1.00 153 2 402316.15 168.32 -51.03 -39.01 0.41 0.38 180.16 25923.33 2666820.11 0.0000004200 4.18 4079069080229927528169472.00
GM2 1.00 154 2 323950.70 167.60 -55.26 -39.39 0.46 0.44 180.82 19847.07 3109246.21 0.0000013880 3.86 2346665972451501546668032.00
GM2 1.00 155 2 433104.43 185.28 -72.88 -34.18 0.43 0.42 202.01 17283.79 4312152.42 0.0000043761 0.82 1497218642263348695007232.00
GM2 1.00 156 2 314969.81 181.77 -73.97 -34.83 0.30 0.22 199.31 14755.44 4317468.03 0.0000069426 0.89 1144535393514456656904192.00
GM2 1.00 157 2 316370.58 184.14 -74.65 -35.90 0.33 0.24 201.92 18477.35 3494679.14 0.0000021946 3.85 1924639929992140373884928.00
GM2 1.00 158 4 865342.51 189.69 -81.37 -21.74 0.47 0.43 207.54 13446.51 7471682.77 0.0000315095 10.31 675873423609990450511872.00
GM2 1.00 159 2 374066.67 192.04 -74.60 -28.31 0.28 0.25 207.96 33340.33 1743065.57 0.0000000734 2.92 8293571074480134082789376.00
GM2 1.00 160 2 424183.69 178.36 -75.88 -20.66 0.49 0.49 194.93 12961.32 8820076.73 0.0000533377 3.18 564419401121610252419072.00
GM2 1.00 161 3 592098.19 181.29 -75.51 -21.30 0.52 0.49 197.54 13097.48 8242439.16 0.0000431995 1.61 602870885879616007831552.00
GM2 1.00 162 2 308636.29 178.72 -74.70 -21.68 0.66 0.48 194.91 13386.96 7555697.51 0.0000325385 3.98 664537881132291588096000.00
GM2 1.00 163 2 426818.52 189.16 -83.69 -19.38 0.30 0.29 207.75 16152.49 4508417.13 0.0000059386 6.63 1300593656345089351352320.00
GM2 1.00 164 3 645765.46 187.80 -80.67 -21.71 0.62 0.48 205.54 13606.61 7307722.89 0.0000302481 2.54 704122081476072823586816.00
GM2 1.00 165 2 435855.04 182.69 -80.57 -23.05 0.30 0.30 200.99 14161.34 6619258.78 0.0000201810 2.54 798683799842027967873024.00
GM2 1.00 166 2 326763.79 182.95 -73.46 -33.82 0.37 0.36 200.03 14884.94 4590417.02 0.0000077136 2.98 1112212272582250853302272.00
GM2 1.00 167 2 309387.24 187.93 -80.00 -25.11 0.67 0.48 205.79 15357.84 4405062.46 0.0000066557 10.99 1218463398405044948697088.00
GM2 1.00 168 2 363956.17 182.20 -78.62 -28.47 0.52 0.45 200.47 15316.45 6189390.87 0.0000137030 2.45 953946765431460094541824.00
GM2 1.00 169 2 427221.95 176.53 -77.07 -24.61 0.30 0.29 194.18 14795.15 5078379.75 0.0000098037 5.10 1028037241262211464167424.00
GM2 1.00 170 2 424177.72 182.69 -76.66 -31.13 0.47 0.47 200.55 17405.98 4063635.38 0.0000037044 6.60 1573396846795290977501184.00
GM2 1.00 171 2 451712.61 183.32 -75.46 -33.02 0.34 0.33 200.98 16398.14 4061568.41 0.0000044145 8.06 1420513336951139240771584.00
GM2 1.00 172 6 1288639.76 121.25 -44.80 -35.62 1.02 0.66 134.08 16709.72 4342515.89 0.0000047813 4.20 1407404779578236493365248.00
GM2 1.00 173 3 648947.89 114.75 -35.74 -37.19 0.66 0.53 125.81 21519.15 3464137.47 0.0000013711 4.69 2503034368553012355399680.00
GM2 1.00 174 2 487301.67 114.25 -34.04 -46.84 0.28 0.26 128.08 42342.31 11790324.92 0.0000019330 2.33 3412730962585822506778624.00
GM2 1.00 175 2 439314.82 115.59 -32.57 -46.77 0.44 0.43 128.87 18858.35 6644245.41 0.0000083056 17.43 1288066774387613602152448.00
GM2 1.00 176 7 1370755.88 142.59 -49.34 -43.49 1.44 0.78 157.03 14213.73 7265818.61 0.0000290611 6.22 779269701893411976511488.00
GM2 1.00 177 4 869196.15 134.87 -44.47 -47.29 1.08 0.81 149.68 14857.32 5413914.10 0.0000111976 7.74 994651668625534966824960.00
GM2 1.00 178 2 447025.64 148.82 -45.98 -39.75 0.34 0.33 160.75 20486.09 2704141.00 0.0000009512 3.94 2732063634541125199462400.00
GM2 1.00 179 12 2481469.66 129.17 -44.58 -48.34 1.56 0.89 144.94 14281.53 6752568.27 0.0000206182 5.69 803973303884171398086656.00
GM2 1.00 180 13 2746538.30 140.26 -50.70 -42.31 1.49 0.78 155.02 12490.66 10985914.02 0.0001155724 4.85 458848630269812496400384.00
GM2 1.00 181 2 370773.15 136.62 -49.31 -38.68 0.57 0.48 150.31 38802.10 4999284.85 0.0000004214 4.24 5258426713135424689143808.00
GM2 1.00 182 3 527530.26 125.46 -49.98 -38.21 0.64 0.52 140.35 20453.91 3532042.20 0.0000016214 2.71 2273643023818037311569920.00
GM2 1.00 183 16 3303511.66 115.23 -45.16 -47.72 1.27 0.80 132.65 13012.16 10753708.22 0.0000929461 4.96 499348466737130621632512.00
GM2 1.00 184 4 711484.56 137.46 -45.24 -50.89 1.07 0.71 153.40 16943.65 3041583.37 0.0000021501 3.51 1841271042129558627155968.00
GM2 1.00 185 3 636268.45 135.53 -44.77 -48.16 0.21 0.17 150.63 14345.04 5557452.67 0.0000131144 1.48 919498274008847274213376.00
GM2 1.00 186 5 1026686.39 128.67 -44.39 -55.81 0.73 0.44 147.11 18495.30 3121282.66 0.0000017204 6.60 2087611605854030772830208.00
GM2 1.00 187 10 2168114.20 126.69 -53.23 -33.79 1.14 0.71 141.51 14596.17 6164112.17 0.0000159407 4.48 885304821547023569256448.00
GM2 1.00 188 5 1018475.41 153.15 -40.23 -50.15 0.86 0.58 166.10 15825.65 4108009.80 0.0000050621 5.66 1338799430852217497714688.00
GM2 1.00 189 6 1243065.76 154.22 -40.54 -51.43 1.57 0.85 167.55 16371.65 4099377.76 0.0000045633 3.59 1418327885405273563594752.00
GM2 1.00 190 3 649777.91 147.58 -53.21 -23.63 0.83 0.62 158.65 15780.27 4676645.21 0.0000069728 2.68 1220064568702039987585024.00
GM2 1.00 191 3 645663.47 130.49 -52.79 -25.13 0.45 0.35 142.99 18962.57 2948111.18 0.0000014220 2.07 2258608526975501214941184.00
GM2 1.00 192 2 436122.63 130.82 -53.14 -26.45 0.25 0.25 143.66 18512.79 3317399.36 0.0000019472 1.64 2002071398142777722142720.00
GM2 1.00 193 6 1268358.88 149.77 -55.13 -21.52 1.45 0.77 161.04 14187.22 6999708.12 0.0000232587 5.26 774605170414589654859776.00
GM2 1.00 194 2 330792.18 168.73 -46.77 2.58 0.17 0.17 175.11 28470.03 1366266.06 0.0000000825 3.68 7465470504671415057252352.00
GM2 1.00 195 2 386239.82 173.63 -72.53 9.45 0.39 0.35 188.41 14484.92 5316436.30 0.0000118647 2.16 963931117043207181959168.00
GM2 1.00 196 9 1876986.58 171.54 -78.77 0.06 1.25 0.88 188.76 10824.35 16656368.09 0.0007671102 5.06 259470227869909563473920.00
GM2 1.00 197 2 353938.56 126.48 -84.99 21.94 0.44 0.44 153.95 107824.65 722120606.31 0.0000030997 63.33 1041357450174423386554368.00
GM2 1.00 198 3 499048.76 128.47 -76.09 23.63 0.33 0.24 151.17 16036.95 10783531.12 0.0000444026 15.84 701361725532812599099392.00
GM2 1.00 199 7 1137998.30 128.23 -81.63 8.11 1.19 0.67 152.23 69203.44 745738899.82 0.0060370894 36.47 497071864763469304692736.00
GM2 1.00 200 2 369349.38 182.36 -83.06 -5.05 0.41 0.36 200.45 16712.26 4334615.97 0.0000047915 1.98 1405379695157169293885440.00
GM2 1.00 201 2 421858.46 115.00 -86.72 8.89 0.14 0.13 144.31 12768.13 16082401.79 0.0003333641 8.61 355287409742720874315776.00
GM2 1.00 202 2 469913.79 115.37 -88.03 10.97 0.20 0.19 145.53 11050.13 36074296.92 0.0056418702 9.39 136517569609513788506112.00
GM2 1.00 203 2 394810.68 129.61 -80.39 16.85 0.41 0.36 153.44 126980.81 1193505002.03 0.0048332118 47.12 977610288359124961853440.00
GM2 1.00 204 2 462232.90 180.42 -81.04 -9.54 0.40 0.37 198.01 17436.54 3156969.68 0.0000021160 2.05 1866697312419074531131392.00
GM2 1.00 205 2 441245.11 186.48 -81.72 -13.92 0.41 0.40 204.08 15129.25 5292517.41 0.0000100864 4.74 1038557039647562359898112.00
GM2 1.00 206 2 379551.91 190.64 -79.01 -0.37 0.42 0.38 206.36 13777.55 7726175.82 0.0000309826 6.44 684969540378005445017600.00
GM2 1.00 207 2 317836.22 193.31 -79.10 2.86 0.54 0.40 208.89 15318.83 7471717.62 0.0000215398 7.63 840826324979174011305984.00
GM2 1.00 208 3 616834.73 190.56 -78.63 2.15 0.93 0.61 206.15 13948.84 9143147.28 0.0000535166 8.64 638395184182975392645120.00
GM2 1.00 209 2 303615.86 191.34 -79.08 4.07 0.27 0.26 207.08 12755.46 10234789.70 0.0000849295 5.47 494588830310364436496384.00
GM2 1.00 210 2 433200.02 174.64 -79.38 -0.68 0.44 0.44 191.83 13944.09 7121340.01 0.0000248679 3.85 741830332731903820431360.00
GM2 1.00 211 2 393483.48 161.68 -69.97 -12.41 0.56 0.49 176.61 14697.02 5911769.74 0.0000152133 4.71 933320392730031125692416.00
GM2 1.00 212 2 432503.62 168.13 -73.67 -11.57 0.20 0.20 183.93 14935.47 4421285.37 0.0000070099 3.90 1147961056780097851228160.00
GM2 1.00 213 2 318998.96 170.43 -80.08 1.39 0.31 0.23 188.31 11158.48 15341998.69 0.0004741366 1.06 291958231974309015846912.00
GM2 1.00 214 3 673592.96 169.85 -79.34 -1.03 0.70 0.52 187.47 11045.67 15358766.78 0.0005254920 2.67 287588552447713748189184.00
GM2 1.00 215 2 441033.18 170.97 -79.89 -3.69 0.22 0.22 188.75 11947.97 12598031.95 0.0001936725 1.65 382122893654807344578560.00
GM2 1.00 216 4 831540.33 169.00 -74.74 -6.43 0.74 0.62 184.90 13084.92 7991060.66 0.0000397043 4.77 614395199246131131318272.00
GM2 1.00 217 2 375925.55 169.65 -72.74 -15.29 0.35 0.31 185.22 14613.45 4614531.34 0.0000083556 2.26 1072668982590542830370816.00
GM2 1.00 218 3 533834.71 170.67 -72.61 -9.88 0.63 0.44 185.74 15896.17 3765551.00 0.0000042961 5.87 1442074556137037587546112.00
GM2 1.00 219 2 424173.64 171.94 -76.07 -3.27 0.32 0.32 188.04 14034.31 5673203.28 0.0000148391 0.76 876546946768569293078528.00
GM2 1.00 220 2 366248.56 170.34 -71.99 -17.41 0.40 0.35 185.75 15181.75 5021073.38 0.0000089240 7.41 1080674558493626749419520.00
GM2 1.00 221 3 658528.52 174.11 -75.57 -18.99 0.55 0.44 190.75 13133.23 7906466.82 0.0000382298 2.95 622454494684580153393152.00
GM2 1.00 222 2 367983.85 175.16 -75.90 -17.14 0.46 0.40 191.67 13180.37 8389488.92 0.0000443499 1.86 600865521343949573193728.00
GM2 1.00 223 2 441437.88 150.98 -59.68 -18.49 0.46 0.45 163.40 17793.63 3832113.18 0.0000029981 6.24 1699380684124410259439616.00
GM2 1.00 224 3 602238.86 158.18 -66.48 -11.89 0.57 0.46 171.99 15620.79 5008118.81 0.0000082587 6.94 1138504468067308932169728.00
GM2 1.00 225 3 638346.07 172.64 -76.91 -0.80 0.84 0.59 189.00 12780.61 10172330.67 0.0000880378 5.31 505713971649124243603456.00
GM2 1.00 226 2 425027.70 174.46 -76.87 -1.14 0.39 0.39 190.65 14671.83 5929915.51 0.0000146920 4.17 919659860588487801569280.00
GM2 1.00 227 2 461323.96 170.71 -77.85 -1.85 0.48 0.45 187.63 12206.65 10967745.29 0.0001232682 3.29 439896191829566449254400.00
GM2 1.00 228 2 474525.39 172.68 -78.79 -21.21 0.48 0.44 190.99 16512.29 4456794.41 0.0000056185 2.79 1360317371258226780143616.00
GM2 1.00 229 2 385729.26 180.49 -77.55 -18.81 0.50 0.45 197.34 13918.29 7077540.37 0.0000254161 1.48 745933081510451999670272.00
GM2 1.00 230 2 321427.83 174.07 -73.12 -30.39 0.24 0.23 191.23 18532.32 3182924.05 0.0000017927 6.13 2059639808245506940862464.00
GM2 1.00 231 3 529843.48 174.97 -72.32 -31.66 0.32 0.22 191.95 18623.18 3062570.95 0.0000016332 1.67 2131023320847674341588992.00
GM2 1.00 232 2 435736.62 184.69 -70.02 -15.80 0.21 0.20 198.15 16853.55 3318669.57 0.0000025911 0.62 1708584428875054296596480.00
GM2 1.00 233 3 599107.57 178.68 -78.41 -17.66 0.95 0.65 195.93 13359.58 7669853.35 0.0000346191 4.94 655873168111805218684928.00
GM2 1.00 234 2 361311.17 176.03 -75.80 -19.64 0.49 0.42 192.66 13000.38 9139664.46 0.0000579455 2.53 553782836111375828254720.00
GM2 1.00 235 2 440035.04 177.80 -72.57 -20.78 0.32 0.31 193.16 13856.16 6936876.10 0.0000243559 6.32 748941295727990131392512.00
GM2 1.00 236 2 424299.11 174.62 -71.69 -20.57 0.49 0.49 189.88 15601.36 4603878.16 0.0000067418 4.66 1201375781686951939145728.00
GM2 1.00 237 2 310752.42 173.56 -75.02 -25.89 0.68 0.49 190.85 17660.94 2758091.46 0.0000015339 4.80 2092805895816202382475264.00
GM2 1.00 238 2 343418.93 178.41 -73.18 -35.73 0.69 0.50 196.12 21027.32 2957699.46 0.0000010622 8.08 2692436853291906743926784.00
GM2 1.00 239 2 383917.56 183.28 -69.97 -18.14 0.38 0.34 197.02 14797.78 3928566.47 0.0000055649 2.19 1226170896602407123288064.00
GM2 1.00 240 5 944178.32 161.01 -71.91 -22.62 1.13 0.77 177.78 15078.46 5130383.71 0.0000096772 4.80 1060510371984005270601728.00
GM2 1.00 241 5 891133.46 164.02 -70.60 -24.15 0.79 0.58 180.19 15259.19 4028205.25 0.0000054607 3.51 1277198726302782738923520.00
GM2 1.00 242 9 1784706.10 168.99 -62.15 -21.26 1.30 0.80 181.31 13466.72 7764501.66 0.0000365797 3.61 667549917301497319653376.00
GM2 1.00 243 2 361351.34 156.44 -66.56 -35.93 0.54 0.46 173.77 18132.18 3666007.35 0.0000026215 5.68 1813555744754444126912512.00
GM2 1.00 244 2 309682.60 183.08 -67.82 -20.15 0.52 0.38 196.27 14526.42 5352601.37 0.0000116583 2.24 963333203712467120685056.00
GM2 1.00 245 3 623475.94 182.83 -62.78 -21.18 0.55 0.51 194.46 16040.20 4407604.25 0.0000057804 4.62 1306844134036250969505792.00
GM2 1.00 246 2 430201.87 156.09 -58.39 -31.06 0.39 0.38 169.52 13392.60 8689754.58 0.0000477419 6.10 608833069981994982572032.00
GM2 1.00 247 2 371930.74 155.58 -57.76 -32.43 0.33 0.28 169.10 13446.47 8105167.52 0.0000372497 2.24 638964615760473885769728.00
GM2 1.00 248 2 447579.81 190.21 -62.04 -23.04 0.38 0.37 201.40 19166.35 3409052.14 0.0000018722 2.87 2077161918671764596981760.00
GM2 1.00 249 2 302069.55 181.28 -68.04 -29.39 0.67 0.48 195.85 14293.30 5359179.90 0.0000123314 5.81 935784154665904949428224.00
GM2 1.00 250 3 658557.21 156.78 -58.17 -34.96 0.67 0.57 170.84 13865.28 7507229.24 0.0000298941 4.80 716638046499679072419840.00
GM2 1.00 251 2 362185.88 179.88 -63.34 -22.75 0.42 0.36 192.05 16815.52 4076867.50 0.0000041998 7.73 1486329962050049955332096.00
GM2 1.00 252 3 597153.40 168.40 -67.05 -27.93 0.61 0.49 183.39 24715.20 3219989.21 0.0000008103 5.43 3323180737755214824603648.00
GM2 1.00 253 2 303128.82 182.66 -66.51 -31.23 0.46 0.32 196.89 14012.45 5275281.17 0.0000126427 2.71 913404236218007013031936.00
GM2 1.00 254 5 978686.58 180.59 -66.18 -29.06 1.06 0.77 194.52 14312.63 5899538.33 0.0000153757 3.85 883249928189661163814912.00
GM2 1.00 255 2 423330.56 176.73 -78.70 -16.05 0.50 0.48 194.13 13255.84 7969703.83 0.0000378298 7.48 628343274167663109079040.00
GM2 1.00 256 2 374897.68 177.77 -78.42 -14.58 0.45 0.39 194.84 13779.29 5689965.99 0.0000156256 2.09 844316750804686743797760.00
GM2 1.00 257 2 450722.55 186.94 -79.63 -8.55 0.49 0.49 203.37 36550.60 8659986.05 0.0000024505 3.52 3281910152356608518127616.00
GM2 1.00 258 2 384304.98 184.68 -79.62 -10.77 0.14 0.12 201.40 14527.55 5341597.20 0.0000116454 4.33 963251590778681791873024.00
GM2 1.00 259 2 376947.11 182.59 -81.04 1.49 0.28 0.24 199.77 15147.59 4411955.04 0.0000067241 5.07 1177387182904324978114560.00
GM2 1.00 260 2 378931.16 193.09 -79.69 -3.98 0.31 0.27 208.93 13175.58 7759962.23 0.0000360767 3.32 633091847632077067386880.00
GM2 1.00 261 3 603727.08 190.03 -82.92 5.70 0.63 0.46 207.41 12554.73 9953236.33 0.0000845682 9.16 492211075028894575755264.00
GM2 1.00 262 20 4168285.34 128.21 -51.22 -49.82 1.59 0.88 146.78 12511.57 11139139.42 0.0001191997 6.44 456479429028315683356672.00
GM2 1.00 263 2 310923.57 182.18 -63.55 -34.69 0.27 0.20 196.04 15081.01 4085647.55 0.0000057484 1.18 1231963402695252658618368.00
GM2 1.00 264 2 199766.51 190.58 -81.84 2.68 0.50 0.47 207.43 12990.19 8917281.47 0.0000582963 4.37 566956767395055019229184.00
GM2 1.00 265 2 424178.89 157.70 -59.44 -35.21 0.47 0.47 172.17 14148.83 7120394.51 0.0000236553 6.03 759919776726718967971840.00
GM2 1.00 266 2 424176.85 155.02 -61.64 -32.75 0.46 0.46 170.01 14306.23 6439538.90 0.0000182149 1.93 829160070015028746518528.00
GM2 1.00 267 5 1090308.71 149.85 -61.15 -25.23 1.23 0.67 163.80 15708.65 4757907.69 0.0000075959 7.77 1209915580890130667274240.00
GM2 1.00 268 3 546845.55 160.94 -52.02 -39.41 0.38 0.33 173.67 18014.83 3073176.88 0.0000018054 4.77 2014421325803510430695424.00
GM2 1.00 269 2 429275.18 156.90 -49.08 -41.30 0.40 0.39 169.50 21735.85 2801307.00 0.0000008400 0.87 2937913930812875469750272.00
GM2 1.00 270 2 378963.78 161.76 -49.37 -44.23 0.26 0.22 174.81 19388.69 2603927.87 0.0000010339 5.39 2545937496357596255223808.00
GM2 1.00 271 2 424187.60 156.05 -58.87 -36.52 0.31 0.31 170.74 16330.30 4933798.06 0.0000068235 4.38 1241887679674283901059072.00
GM2 1.00 272 2 360898.19 154.04 -42.06 -53.18 0.47 0.40 168.30 19971.19 3428076.91 0.0000016699 6.74 2234028071942725688098816.00
GM2 1.00 273 2 268436.84 152.35 -59.07 -31.67 0.20 0.18 166.44 17006.76 4739291.05 0.0000055020 1.47 1365629956384427337580544.00
GM2 1.00 274 2 424454.76 153.02 -60.19 -30.25 0.12 0.12 167.19 15470.20 5958684.21 0.0000121591 0.82 997098023534360113709056.00
GM2 1.00 275 8 1610123.30 70.40 -15.22 2.04 0.63 0.21 72.05 15232.89 6777005.48 0.0000172229 3.14 885895000148293581799424.00
GM2 1.00 276 5 1006246.05 68.18 -9.72 4.47 1.29 0.76 69.01 18770.54 4656475.37 0.0000040365 7.68 1627187220138645511995392.00
GM2 1.00 277 3 610924.50 60.94 -24.82 7.84 0.61 0.50 66.26 17200.97 5981339.90 0.0000090015 7.91 1181529288847304352071680.00
GM2 1.00 278 6 1089321.47 62.26 -8.88 7.01 0.68 0.27 63.28 16125.85 6553157.88 0.0000134742 4.03 998381245788642472886272.00
GM2 1.00 279 4 803383.60 48.36 -21.92 15.70 0.82 0.53 55.37 15493.59 7266212.93 0.0000198671 5.68 875350463291931702067200.00
GM2 1.00 280 2 376420.42 49.77 65.29 46.86 0.45 0.38 94.53 35794.08 5138625.27 0.0000006538 5.35 4533847005839060199538688.00
GM2 1.00 281 2 449795.21 47.99 64.14 47.30 0.09 0.08 93.03 22710.90 3186469.40 0.0000009369 0.33 2904562076147260277653504.00
GM2 1.00 282 2 451606.47 46.92 -22.52 16.18 0.50 0.49 54.50 16022.08 7358632.86 0.0000180505 11.70 913211783870402852290560.00
GM2 1.00 283 5 992515.47 44.16 -27.56 16.03 0.65 0.42 54.46 16214.27 7795526.94 0.0000197983 11.13 895469385446491074592768.00
GM2 1.00 284 4 773149.18 46.82 -25.28 14.30 0.89 0.56 55.10 15104.56 9310461.80 0.0000386486 6.13 705796840100549531533312.00
GM2 1.00 285 4 764464.84 48.41 -24.97 14.71 0.86 0.49 56.42 15058.59 9087243.01 0.0000409140 6.00 725091651145102778171392.00
GM2 1.00 286 2 384966.16 49.07 -2.64 14.95 0.13 0.12 51.36 20519.43 4607052.25 0.0000028648 2.18 1897260357246095015804928.00
GM2 1.00 287 3 575036.34 49.52 -30.50 18.58 0.44 0.34 61.06 20705.90 4900645.17 0.0000031767 6.42 1846184470481687392813056.00
GM2 1.00 288 11 2069895.04 42.66 -34.84 16.73 1.31 0.61 57.56 13044.20 10967720.59 0.0001011024 5.07 490321936174318220214272.00
GM2 1.00 289 3 531624.62 47.19 -27.28 17.28 0.47 0.27 57.18 16449.01 6701220.69 0.0000133581 5.23 1016743755226815819415552.00
GM2 1.00 290 2 400757.89 62.08 -31.34 11.18 0.56 0.47 70.43 23771.36 4156491.45 0.0000013686 3.87 2604403595358731786780672.00
GM2 1.00 291 5 901769.75 54.67 -33.71 10.57 0.47 0.32 65.09 11606.52 15533482.66 0.0004370287 5.03 309359732995816018673664.00
GM2 1.00 292 2 438057.56 57.55 -33.06 11.10 0.49 0.49 67.29 14513.13 8735104.41 0.0000363519 2.04 687183587675614813880320.00
GM2 1.00 293 2 450140.69 100.96 -32.78 -57.36 0.43 0.42 120.65 19719.69 2544697.33 0.0000009398 3.36 2657211571411654482591744.00
GM2 1.00 294 2 392371.66 104.93 -39.14 -69.56 0.51 0.47 131.84 24023.83 2317897.47 0.0000004146 6.21 3943890881378314356785152.00
GM2 1.00 295 2 438170.77 94.81 -35.21 -63.65 0.41 0.41 119.49 19008.32 3496687.66 0.0000020203 1.37 2014553750646995428573184.00
GM2 1.00 296 2 444771.33 153.68 -65.42 -34.26 0.33 0.33 170.50 13386.89 6911251.44 0.0000261947 3.96 704994166608057126092800.00
GM2 1.00 297 2 376589.03 154.28 -59.43 -32.44 0.44 0.37 168.49 14646.85 6970039.99 0.0000206653 5.85 817634738848315658469376.00
GM2 1.00 298 2 390357.67 90.48 -31.56 -53.13 0.25 0.22 109.57 21145.46 2711611.39 0.0000008628 1.99 2862885124024545241464832.00
GM2 1.00 299 7 1491434.40 89.53 -35.93 -57.41 1.24 0.67 112.26 14974.13 6094889.25 0.0000142648 7.78 933504663676913687986176.00
GM2 1.00 300 2 368828.03 148.67 -59.42 -20.14 0.57 0.49 161.37 13457.99 7896717.83 0.0000373428 6.14 656988066267396424335360.00
GM2 1.00 301 2 382333.78 149.17 -60.29 -22.37 0.29 0.26 162.44 13701.03 6637804.24 0.0000223538 1.73 754783592079439427534848.00
GM2 1.00 302 3 639267.62 147.50 -60.41 -20.71 0.44 0.32 160.73 12273.37 11144849.28 0.0001232518 4.06 437410466189849053364224.00
GM2 1.00 303 3 636427.06 59.90 -34.53 -28.14 0.15 0.10 74.64 20060.36 3919613.13 0.0000021466 2.60 2049136866384754390335488.00
GM2 1.00 304 6 1253877.82 110.90 -42.81 -26.38 1.00 0.41 121.77 15900.46 4785715.49 0.0000069374 5.00 1208258352929774944387072.00
GM2 1.00 305 2 436319.68 97.95 -38.07 -26.07 0.44 0.43 108.27 20242.83 2314974.52 0.0000007149 4.48 2959536549909376874315776.00
GM2 1.00 306 3 661163.52 93.21 -42.94 -29.85 0.45 0.35 106.88 14125.34 7136888.11 0.0000248523 2.48 762004743028344201674752.00
GM2 1.00 307 7 1438560.80 104.51 -43.71 -30.28 1.17 0.55 117.26 15029.45 6308273.41 0.0000155987 3.50 922808199876212550533120.00
GM2 1.00 308 2 425935.22 91.85 -35.14 -57.74 0.42 0.42 114.04 34662.04 9160708.26 0.0000007585 8.03 2922849617013148718465024.00
GM2 1.00 309 4 771405.68 97.75 -41.97 -51.13 0.60 0.40 118.03 22066.40 2710486.82 0.0000007490 4.47 3080516647542127746613248.00
GM2 1.00 310 2 426605.32 111.40 -41.08 -52.39 0.12 0.12 129.78 22819.10 4661373.69 0.0000019702 1.25 2265374358595857736007680.00
GM2 1.00 311 7 1363485.35 93.16 -42.96 -31.82 0.90 0.37 107.41 13895.94 7566936.81 0.0000288163 2.74 705612486056612458397696.00
GM2 1.00 312 3 537281.02 109.98 -45.30 -33.16 0.68 0.52 123.48 13970.40 7788782.36 0.0000299355 6.01 699627530760569925664768.00
GM2 1.00 313 6 1295877.92 109.51 -44.05 -32.96 0.87 0.48 122.55 12984.55 9666585.46 0.0000686316 4.15 535068061852536139677696.00
GM2 1.00 314 2 347246.87 44.98 -36.46 16.61 0.55 0.43 60.24 16806.35 6910485.25 0.0000143824 16.38 1041801204399584585973760.00
GM2 1.00 315 3 617193.08 47.61 -35.47 15.59 0.57 0.46 61.38 19128.90 5771515.70 0.0000059868 8.82 1447709530871959608360960.00
GM2 1.00 316 3 632315.40 46.01 -35.48 15.89 0.55 0.54 60.23 15302.31 7213951.72 0.0000197657 7.24 853118215939245494763520.00
GM2 1.00 317 7 1444944.92 60.85 -26.53 9.36 1.28 0.88 67.04 16058.07 6684872.40 0.0000144672 14.35 978466003714044057354240.00
GM2 1.00 318 17 3111979.52 55.37 -32.51 8.94 1.50 0.97 64.83 11322.09 16368812.43 0.0006500072 10.58 286679068740196681908224.00
GM2 1.00 319 2 432847.13 55.68 -34.27 10.20 0.34 0.34 66.17 11949.77 13478130.31 0.0002725990 5.37 366351334456467147194368.00
GM2 1.00 320 5 822191.24 58.99 -45.09 7.21 0.83 0.54 74.60 13575.37 10411067.07 0.0000735297 11.43 543109278324762299334656.00
GM2 1.00 321 4 790529.74 61.06 -44.82 6.49 0.83 0.60 76.02 14866.25 8799165.48 0.0000340795 6.14 712946229761666914975744.00
GM2 1.00 322 4 749083.25 67.42 -43.28 6.88 0.73 0.59 80.41 12433.86 11085182.14 0.0001232501 5.53 448995587950668649857024.00
GM2 1.00 323 3 610455.02 63.31 -44.14 5.97 0.71 0.55 77.41 14060.13 8757436.86 0.0000428946 13.55 655520247354865196466176.00
GM2 1.00 324 5 1089947.81 65.00 -43.39 6.22 0.58 0.44 78.39 13074.03 10269992.05 0.0000808631 9.12 514631998602562125168640.00
GM2 1.00 325 2 319971.92 67.11 -56.52 5.70 0.59 0.43 87.93 11021.29 16006386.57 0.0006366636 3.95 275234547328437299707904.00
GM2 1.00 326 2 310402.10 67.98 -49.31 4.87 0.45 0.45 84.12 11614.23 14709804.12 0.0003700550 4.32 323544160323523370287104.00
GM2 1.00 327 2 438195.00 66.92 -49.93 5.13 0.43 0.42 83.65 11454.29 14332844.64 0.0003755579 1.16 323255588937736711569408.00
GM2 1.00 328 5 1026299.47 66.58 -51.48 4.80 0.65 0.52 84.29 12077.54 13281239.61 0.0002343277 3.21 375299871893024539672576.00
GM2 1.00 329 2 379024.55 60.61 -43.66 8.42 0.52 0.45 75.17 18247.16 7321407.77 0.0000115529 8.72 1137647080920600463540224.00
GM2 1.00 330 4 858822.03 25.54 45.57 5.66 0.42 0.26 52.55 41882.81 12138069.49 0.0000008176 3.89 3294447801810051645046784.00
GM2 1.00 331 18 3449672.90 10.01 12.19 11.92 0.67 0.28 19.77 10677.85 45198341.98 0.0110279467 9.51 102387787754566695518208.00
GM2 1.00 332 4 820369.63 -7.99 11.81 11.81 0.69 0.50 18.52 12988.48 20685579.89 0.0007572587 15.07 301509718812174042791936.00
GM2 1.00 333 2 439440.99 -7.75 -13.13 8.58 0.22 0.21 17.49 15914.17 13880894.02 0.0000883133 5.33 584232328357219980541952.00
GM2 1.00 334 2 387811.34 12.20 14.01 14.01 0.39 0.32 23.27 16583.01 12181931.05 0.0000535334 4.10 683885219184548849385472.00
GM2 1.00 335 17 3460471.91 -6.38 12.05 7.43 0.80 0.30 15.53 11129.59 60354617.72 0.0158297043 14.35 89123788394396114747392.00
GM2 1.00 336 6 931297.86 -9.45 12.54 8.11 0.68 0.34 17.67 12928.87 26218512.10 0.0014375627 21.10 247352815296581956796416.00
GM2 1.00 337 17 3606391.07 -13.98 5.41 6.38 0.08 0.02 16.29 9887.68 92017290.96 0.0333918931 0.79 51438639610155361107968.00
GM2 1.00 338 17 3388808.07 -0.17 14.56 9.62 1.10 0.49 17.45 10975.82 46275525.38 0.0107617443 23.44 109973338573677199884288.00
GM2 1.00 339 11 2116407.30 3.41 15.55 10.89 0.71 0.27 19.29 10792.03 33948688.45 0.0052245831 7.30 138517479379901037412352.00
GM2 1.00 340 9 1625880.80 -15.15 18.10 12.87 0.45 0.22 26.88 11882.89 25546457.88 0.0017441344 6.12 216536247203656814821376.00
GM2 1.00 341 3 584030.64 -15.97 31.27 18.77 0.47 0.33 39.81 15813.98 9790290.38 0.0000352015 5.86 737054858750845058547712.00
GM2 1.00 342 9 1824136.95 8.99 14.38 7.81 0.48 0.21 18.67 11799.48 31768574.82 0.0031832730 4.66 176756121187081542172672.00
GM2 1.00 343 2 426382.63 -5.95 14.12 11.30 0.23 0.23 19.04 14652.11 17150644.92 0.0002301782 7.48 433972264935224414044160.00
GM2 1.00 344 13 2946408.95 2.29 15.07 3.61 1.45 0.67 15.66 22906.47 108284133.35 0.0112244517 20.00 252964483878212824203264.00
GM2 1.00 345 3 661868.58 13.50 50.04 3.44 0.63 0.42 51.94 19112.49 5274469.82 0.0000047824 2.43 1543988903434817581875200.00
GM2 1.00 346 2 426851.16 10.31 20.40 5.73 0.37 0.37 23.56 15346.95 13106488.83 0.0000872175 3.11 570596942109573482807296.00
GM2 1.00 347 5 823354.56 12.60 17.07 7.79 0.64 0.37 22.60 14130.40 16300306.05 0.0002277925 7.37 423172429182544059039744.00
GM2 1.00 348 3 598497.73 6.20 22.23 8.32 0.31 0.22 24.53 13953.21 13639768.88 0.0001404488 10.89 470343709976276022329344.00
GM2 1.00 349 2 460832.13 -4.50 15.83 7.81 0.32 0.30 18.21 11690.89 31691462.87 0.0033407848 8.68 174197425175046387662848.00
GM2 1.00 350 15 3011305.19 -2.70 14.76 6.94 0.53 0.34 16.54 11070.17 65807440.12 0.0181517956 13.66 81476132723938516008960.00
GM2 1.00 351 18 3577982.56 0.00 13.47 7.51 0.43 0.23 15.42 10593.64 78547766.15 0.0249107779 9.28 65212055332945049681920.00
GM2 1.00 352 2 465348.95 -8.09 17.41 10.58 0.23 0.22 21.91 12824.02 16528479.59 0.0003537968 2.45 351851423751293349396480.00
GM2 1.00 353 3 688356.65 8.06 17.83 -7.35 0.53 0.38 20.90 11592.98 20573468.32 0.0011168671 4.23 244810769173463978475520.00
GM2 1.00 354 9 1976004.10 12.38 14.61 -5.95 1.01 0.55 20.05 29591.47 97866017.71 0.0049218259 12.66 434127647854143509364736.00
GM2 1.00 355 8 1769680.04 7.03 13.87 0.37 0.64 0.34 15.55 10127.09 45541904.66 0.0121537332 14.25 92855703183013026201600.00
GM2 1.00 356 9 1894261.74 14.19 12.71 -3.72 0.64 0.21 19.41 10876.53 30895818.75 0.0038381558 9.90 154742325721922529132544.00
GM2 1.00 357 3 758114.24 11.51 13.94 -4.02 0.49 0.40 18.52 10733.87 26429310.74 0.0026710295 11.16 172143600481424434528256.00
GM2 1.00 358 2 436512.59 22.21 20.22 3.98 0.18 0.18 30.30 15876.78 9159238.53 0.0000298124 1.51 772341986827226417463296.00
GM2 1.00 359 2 436431.52 28.65 12.18 8.19 0.44 0.44 32.19 17709.90 8364821.45 0.0000172190 9.31 989769035568879245459456.00
GM2 1.00 360 11 2167188.72 27.26 9.56 3.90 0.57 0.39 29.15 11990.09 20579029.54 0.0009892019 10.58 261705292120207579414528.00
GM2 1.00 361 5 905539.05 9.35 22.34 9.93 0.40 0.20 26.17 12620.51 15900291.33 0.0003364329 4.37 352755241769285906857984.00
GM2 1.00 362 3 599235.23 3.23 17.66 14.18 0.08 0.05 22.88 13336.53 15212824.59 0.0002309335 1.51 401651524688923118796800.00
GM2 1.00 363 12 2355923.01 0.47 2.56 -29.14 1.10 0.39 29.25 11175.07 25503493.68 0.0022898668 10.46 197157067628925190930432.00
GM2 1.00 364 2 499590.67 -8.99 1.64 -20.83 0.41 0.39 22.75 12328.02 16482128.20 0.0004117687 12.65 328559064886764416008192.00
GM2 1.00 365 2 482680.96 1.12 4.72 -19.81 0.31 0.28 20.40 12288.67 17838513.09 0.0005527679 7.53 306864427704398865498112.00
GM2 1.00 366 2 651592.78 -4.60 3.87 -19.14 0.15 0.11 20.07 12624.63 17935569.99 0.0005003290 6.77 320927475049731301834752.00
GM2 1.00 367 4 838318.39 22.18 13.78 -7.44 0.33 0.20 27.16 14473.95 13045856.48 0.0001079929 5.45 516684346804685779238912.00
GM2 1.00 368 8 1594907.59 17.41 10.16 -3.57 0.50 0.21 20.47 12138.56 22457637.53 0.0011953895 5.77 248907772440136220934144.00
GM2 1.00 369 3 679398.34 9.71 21.12 0.85 0.51 0.34 23.26 40932.67 53727507.39 0.0001736157 5.78 1170947012259919484157952.00
GM2 1.00 370 3 695155.41 6.68 19.06 1.38 0.23 0.18 20.24 11360.51 20991367.84 0.0012482655 9.44 231949155905284545183744.00
GM2 1.00 371 2 506519.87 -35.92 -2.45 4.73 0.14 0.13 36.31 16225.43 9119391.35 0.0000270647 5.13 807280906199251749437440.00
GM2 1.00 372 2 430933.26 -15.75 8.97 -3.91 0.10 0.10 18.54 12834.32 18910361.51 0.0005696812 3.22 316610276863707591999488.00
GM2 1.00 373 3 577669.29 9.78 12.75 -1.03 0.28 0.23 16.10 12036.03 29045999.58 0.0023089443 12.97 198630497292008330100736.00
GM2 1.00 374 4 897860.27 7.96 14.02 -3.08 0.30 0.23 16.42 10491.20 31465104.54 0.0045375500 12.22 140488414010561892712448.00
GM2 1.00 375 3 719124.26 11.00 8.48 -9.99 0.24 0.20 17.11 11017.00 26767141.87 0.0025445513 8.98 178990260004919758028800.00
GM2 1.00 376 3 726607.50 14.43 12.33 -6.63 0.93 0.66 20.10 43893.52 75995069.03 0.0002548105 13.67 1034420903182068319518720.00
GM2 1.00 377 2 387882.05 7.86 7.80 -16.55 0.57 0.47 19.91 36494.69 58521066.41 0.0005598069 14.74 894405944721308083290112.00
GM2 1.00 378 5 954512.85 2.51 3.64 -16.06 0.75 0.40 16.65 11353.48 25834409.49 0.0020921915 7.77 196424860573226384752640.00
GM2 1.00 379 2 434036.58 -23.07 4.46 -33.53 0.32 0.32 40.95 14448.02 11219062.58 0.0000767880 3.73 581175005814851826089984.00
GM2 1.00 380 4 839470.60 68.22 -39.46 9.02 0.81 0.55 79.32 16707.61 5101552.71 0.0000074354 8.89 1270603186778448083288064.00
GM2 1.00 381 3 527115.08 57.55 -34.25 10.06 1.16 0.68 67.72 15040.83 9525495.44 0.0000510444 14.76 711108308391015242268672.00
GM2 1.00 382 3 586323.04 61.73 -40.29 9.87 0.56 0.52 74.37 26231.42 7541870.22 0.0000041945 7.58 2059322494881916174467072.00
GM2 1.00 383 2 434412.96 63.88 -40.48 9.17 0.23 0.23 76.18 17091.35 5745054.09 0.0000083911 6.68 1201076644611800212439040.00
GM2 1.00 384 11 1942144.72 59.88 -16.67 0.73 0.73 0.40 62.16 14532.61 8545142.63 0.0000340014 5.11 698750133782076058501120.00
GM2 1.00 385 11 2208291.33 67.95 -20.25 -5.92 1.08 0.63 71.15 14521.99 7580155.91 0.0000255117 6.44 760102578541046475522048.00
GM2 1.00 386 3 657354.88 90.11 -37.53 -58.14 0.52 0.40 113.62 14873.57 5915771.58 0.0000134851 5.51 940409832237707122704384.00
GM2 1.00 387 2 425151.82 88.60 -37.60 -58.19 0.36 0.36 112.48 15822.69 5100965.63 0.0000081255 6.91 1155363760933896280080384.00
GM2 1.00 388 6 1219940.16 88.00 -38.07 -40.67 0.95 0.71 104.14 17852.23 3546679.08 0.0000025209 6.15 1807020471953024916389888.00
GM2 1.00 389 6 1098902.21 30.02 -82.37 -58.66 0.08 0.04 105.48 46917.17 4374422.67 0.0000000545 0.47 7884718297423445988737024.00
GM2 1.00 390 4 804545.27 105.74 -42.51 -51.66 0.89 0.64 125.13 17590.04 3676398.33 0.0000028513 2.77 1720945118413628458926080.00
GM2 1.00 391 2 424196.99 108.33 -42.97 -46.87 0.14 0.14 125.62 18952.10 3247527.71 0.0000017269 2.30 2117134182290811621736448.00
GM2 1.00 392 11 2194763.52 57.28 -9.02 -2.50 1.08 0.76 58.04 13558.58 10316099.81 0.0000720361 7.93 546247007979460779573248.00
GM2 1.00 393 10 2119144.80 88.47 -31.03 -40.80 1.11 0.65 102.25 15090.66 5761316.26 0.0000122834 5.14 977659891936790518431744.00
GM2 1.00 394 3 658842.49 74.44 -27.10 -17.11 0.68 0.49 81.05 19518.16 3724823.75 0.0000021345 3.25 2016866677246441243541504.00
GM2 1.00 395 2 466544.56 78.63 -26.71 -13.92 0.18 0.16 84.20 18043.96 4436264.57 0.0000040318 1.13 1569358198476432769810432.00
GM2 1.00 396 5 1056855.75 58.26 -12.10 -7.06 0.77 0.38 59.92 17443.57 5723810.99 0.0000078038 6.13 1249994057852988875079680.00
GM2 1.00 397 3 638221.73 55.56 -15.42 -11.80 0.17 0.11 58.85 18082.07 4475635.01 0.0000040027 2.63 1571855029101334496280576.00
GM2 1.00 398 10 2091065.71 52.87 -26.31 -16.14 0.77 0.38 61.22 14453.16 8571302.07 0.0000346576 5.56 691730192518105631031296.00
GM2 1.00 399 2 424575.44 14.73 -11.32 -40.17 0.21 0.21 44.26 18572.56 5863275.71 0.0000065852 7.94 1371352471923224869863424.00
GM2 1.00 400 4 776986.07 79.46 -36.16 -33.16 0.58 0.39 93.39 18567.19 4084561.39 0.0000030323 6.41 1745846980203305683124224.00
GM2 1.00 401 2 477113.57 81.04 -37.00 -33.79 0.42 0.40 95.28 18714.98 3601799.45 0.0000022648 6.12 1924812922854741196668928.00
GM2 1.00 402 4 797471.85 62.70 -19.60 -16.53 0.65 0.48 67.74 19200.52 4724054.05 0.0000037928 6.56 1668207533551961184927744.00
