model linking_length pyfof_grp N clump_mass[Msol] com_x[kpc] com_y[kpc] com_z[kpc] max_r[kpc] clump_r_avg[kpc] r[kpc] avg_temp[K] avg_pressure[Pa] avg_nHden[cm^-3] vdist[km/s] entropy[K/(Msolkpc**3)**(2/3)]
GM2 1.0 0 18940 3725058320.21 -19.87 21.59 -29.97 27.55 10.8 41.94 12982.86 404158994.03 0.0834212178680938 70.61 0.0
GM2 1.0 1 2 428411.3 -99.64 -61.06 32.64 0.41 0.41 121.34 23458.25 3938040.62 8.682589968777901e-07 3.18 0.0
GM2 1.0 2 4 876854.46 -65.07 -40.27 30.28 0.78 0.4 82.3 32432.28 7179550.51 1.2378565081348775e-06 5.79 0.0
GM2 1.0 3 3 525964.11 -32.73 10.4 25.38 0.61 0.41 42.7 18145.11 7821254.44 8.842154416906963e-06 8.36 0.0
GM2 1.0 4 3 653724.36 -59.47 -46.4 49.9 0.46 0.36 90.44 27201.93 4163245.39 5.773497419470503e-07 3.81 0.0
GM2 1.0 5 14 2951941.87 -63.4 -35.34 23.29 1.29 0.78 76.23 16349.89 9891659.55 2.188283097249597e-05 6.54 0.0
GM2 1.0 6 2 425787.53 -70.92 -40.09 47.12 0.39 0.39 94.11 27943.24 4152885.15 5.063357962902112e-07 12.89 0.0
GM2 1.0 7 3 655037.84 -71.17 -38.2 47.7 0.5 0.33 93.81 24552.58 3551371.76 6.049483558749163e-07 2.95 0.0
GM2 1.0 8 6 1264778.28 -79.98 -45.82 24.05 1.51 0.88 95.26 20721.3 4918335.93 2.119117723937886e-06 9.61 0.0
GM2 1.0 9 18 3719978.86 -74.58 -47.38 10.9 1.68 0.86 89.03 15093.56 9877767.74 2.8994844276399813e-05 10.86 0.0
GM2 1.0 10 2 341465.77 -78.57 -46.05 23.4 0.48 0.46 94.03 22950.47 4774352.43 1.410871980733219e-06 4.98 0.0
GM2 1.0 11 3 648863.69 -59.89 -19.33 6.37 0.58 0.52 63.26 20025.67 5696016.1 3.324130059027541e-06 8.01 0.0
GM2 1.0 12 15 3232265.94 -69.06 -53.63 1.44 2.11 1.09 87.45 14994.3 10440637.51 3.4963616654213976e-05 10.24 0.0
GM2 1.0 13 3 612918.74 -63.89 -58.25 4.28 1.01 0.63 86.57 41460.0 5434163.17 1.3142685217045717e-07 3.96 0.0
GM2 1.0 14 2 429721.52 -62.72 -63.21 11.55 0.14 0.13 89.79 18116.94 6867700.67 6.733380791205508e-06 2.89 0.0
GM2 1.0 15 2 475549.03 -63.73 -67.67 12.59 0.34 0.31 93.8 20592.06 5278663.01 2.5519327777474785e-06 1.41 0.0
GM2 1.0 16 2 434062.43 -71.91 -64.62 25.78 0.49 0.49 100.06 35392.73 7073710.8 5.564242858523577e-07 5.14 0.0
GM2 1.0 17 2 453998.83 -60.09 -66.12 9.2 0.48 0.47 89.82 20943.48 5389495.01 2.6232358286676967e-06 9.89 0.0
GM2 1.0 18 2 444058.59 -63.7 -64.33 9.3 0.49 0.49 91.01 18354.71 7034736.42 6.913263999883843e-06 3.0 0.0
GM2 1.0 19 2 425597.9 -62.29 -64.42 9.11 0.32 0.29 90.07 16920.15 7347582.06 9.69960542862357e-06 12.64 0.0
GM2 1.0 20 2 378914.88 -69.56 -57.31 2.72 0.2 0.17 90.17 25325.17 7002610.02 2.0821884879892057e-06 7.3 0.0
GM2 1.0 21 2 466634.39 -67.62 -55.73 2.97 0.46 0.46 87.67 20425.21 6575225.98 4.530431244047124e-06 7.81 0.0
GM2 1.0 22 2 434034.81 -70.72 -55.88 2.04 0.37 0.37 90.16 19833.9 7502339.12 6.740390968438285e-06 8.03 0.0
GM2 1.0 23 5 1001885.43 -87.64 -45.84 27.9 1.3 0.9 102.76 17476.06 6140855.77 6.669871223453587e-06 9.44 0.0
GM2 1.0 24 6 1227245.92 -91.42 -45.28 27.5 1.57 0.83 105.66 13342.01 10981300.64 7.097451072045389e-05 9.84 0.0
GM2 1.0 25 2 430487.54 -92.64 -50.42 27.98 0.32 0.32 109.11 37304.37 7214729.51 4.20256724056253e-07 7.32 0.0
GM2 1.0 26 2 397848.37 -92.34 -47.24 24.91 0.48 0.4 106.67 13086.51 11979901.19 9.377196267357204e-05 3.06 0.0
GM2 1.0 27 2 311461.82 -89.47 -50.44 23.12 0.33 0.32 105.28 21609.53 4683090.28 1.649339725617274e-06 11.59 0.0
GM2 1.0 28 2 425977.31 -91.15 -42.69 42.07 0.34 0.34 109.09 32315.98 6841895.34 8.53118304646207e-07 9.6 0.0
GM2 1.0 29 2 374891.4 -97.94 -43.57 36.64 0.54 0.48 113.28 17682.22 8223726.64 1.1176403345807887e-05 5.18 0.0
GM2 1.0 30 2 441739.36 -104.22 -42.68 48.95 0.24 0.24 122.8 44238.76 6303115.78 1.3702027312799205e-07 2.67 0.0
GM2 1.0 31 17 3605433.75 -99.99 2.24 7.91 0.3 0.05 100.33 22845.89 11176537.99 7.997751831152505e-06 1.26 0.0
GM2 1.0 32 2 424191.0 -89.14 -46.22 26.66 0.24 0.24 103.89 14987.06 7891012.11 1.644482651528002e-05 7.21 0.0
GM2 1.0 33 3 618947.18 -81.64 -46.69 21.97 0.45 0.4 96.58 26894.45 4960733.44 8.517593302877937e-07 11.98 0.0
GM2 1.0 34 2 398377.59 -113.76 -42.38 21.78 0.33 0.28 123.33 19372.01 4126609.7 1.8054181916499268e-06 14.16 0.0
GM2 1.0 35 65 13311923.46 -17.21 25.97 -11.6 2.78 1.16 33.24 9771.06 77167466.83 0.026916347555739583 27.42 0.0
GM2 1.0 36 81 16131556.53 -20.61 27.43 -9.8 4.85 2.56 35.68 10895.13 38615068.89 0.00665104542682762 30.34 0.0
GM2 1.0 37 13 2737780.79 -29.04 15.58 -7.91 1.61 0.95 33.89 14680.88 18086717.62 0.00020566944047513479 22.71 0.0
GM2 1.0 38 35 6470012.77 -23.62 11.65 -50.3 3.27 1.49 56.78 11752.27 27493687.79 0.002338159913007602 32.2 0.0
GM2 1.0 39 141 27820446.89 -22.76 9.11 -38.28 6.33 2.46 45.46 11273.28 79373263.8 0.026369928323705133 32.55 0.0
GM2 1.0 40 21 4290578.73 -22.03 1.05 -38.45 2.76 1.46 44.33 12331.14 22374369.14 0.0010293994060797652 24.96 0.0
GM2 1.0 41 14 2583544.65 -25.04 10.03 -48.63 1.43 0.93 55.61 16001.27 35911420.5 0.0009929230773949125 32.0 0.0
GM2 1.0 42 11 2185005.88 -26.15 7.82 -45.4 1.47 0.92 52.97 15514.32 19982274.49 0.0002197437113281329 36.53 0.0
GM2 1.0 43 3 478961.96 -26.24 10.83 -50.4 0.63 0.45 57.85 14281.85 19397204.44 0.00025327788667253275 31.01 0.0
GM2 1.0 44 7 1360841.06 -24.85 4.41 -45.24 0.8 0.49 51.81 16169.91 15014579.4 6.91833631250956e-05 18.37 0.0
GM2 1.0 45 2 388844.0 -33.63 14.86 -22.06 0.25 0.22 42.87 15258.19 17902347.48 0.0001530077832051152 8.69 0.0
GM2 1.0 46 4 746789.63 -59.76 16.16 -21.41 0.57 0.4 65.51 15211.17 9507607.22 2.5641739136386124e-05 8.82 0.0
GM2 1.0 47 3 560515.71 -62.93 15.97 -22.83 0.71 0.52 68.82 16041.28 9547900.37 2.058264110406916e-05 11.79 0.0
GM2 1.0 48 2 365492.92 -59.91 16.29 -15.03 0.41 0.35 63.88 52388.01 22858910.45 2.0243302905442806e-07 6.08 0.0
GM2 1.0 49 2 344371.93 -62.67 15.75 -8.85 0.57 0.42 65.22 61287.51 15516538.67 5.391516454199513e-08 8.48 0.0
GM2 1.0 50 3 655772.84 -59.74 15.62 -19.84 0.7 0.59 64.85 15923.65 9104906.21 2.118988056837117e-05 12.91 0.0
GM2 1.0 51 12 2398424.77 -48.7 16.54 -26.23 1.21 0.84 57.73 11336.26 20435201.49 0.0007929982753910216 12.6 0.0
GM2 1.0 52 2 367673.08 -51.13 15.63 -20.8 0.55 0.47 57.37 26677.48 9538584.99 2.8734019482329855e-06 10.87 0.0
GM2 1.0 53 11 2232989.7 -50.69 15.96 -26.34 1.77 1.21 59.31 13123.48 15217824.75 0.000279351030309919 21.45 0.0
GM2 1.0 54 9 1857846.69 -55.51 14.88 -25.09 1.18 0.71 62.71 15696.12 8982607.55 1.9450040335609895e-05 8.64 0.0
GM2 1.0 55 2 425135.53 -30.91 -25.84 -7.54 0.09 0.09 40.99 43121.96 14760804.73 3.7376269584412626e-07 1.98 0.0
GM2 1.0 56 10 1843903.0 -32.68 9.5 -11.99 1.31 0.7 36.09 15277.61 15017954.84 9.226249053998402e-05 21.34 0.0
GM2 1.0 57 4 738585.22 -45.9 10.35 -14.86 0.84 0.62 49.34 19038.41 9841383.54 1.2443640979783705e-05 7.97 0.0
GM2 1.0 58 3 578789.89 -47.93 9.19 -12.95 0.57 0.49 50.49 65563.17 25780983.51 7.148722685168048e-08 12.75 0.0
GM2 1.0 59 32 6339808.64 -28.04 7.71 -34.52 2.27 1.49 45.14 11157.89 26572940.33 0.002035157788170707 22.04 0.0
GM2 1.0 60 40 7991197.56 -45.08 15.67 -32.63 2.65 1.44 57.82 10547.82 27216999.79 0.003162912132658353 19.83 0.0
GM2 1.0 61 2 382150.05 -62.11 14.77 -22.36 0.51 0.46 67.64 15915.54 10363287.76 2.6704737232875452e-05 12.7 0.0
GM2 1.0 62 2 413036.28 -60.53 14.77 -23.28 0.58 0.5 66.52 19083.72 9837502.77 1.2367195501596366e-05 4.66 0.0
GM2 1.0 63 2 424701.49 -61.09 15.0 -21.34 0.41 0.41 66.43 15378.28 11021624.73 3.550449664196482e-05 13.22 0.0
GM2 1.0 64 6 1272864.61 -64.99 14.23 -22.15 1.27 0.89 70.12 16121.39 9229373.25 1.9882853429171713e-05 10.56 0.0
GM2 1.0 65 3 588396.92 -65.9 14.05 -23.32 0.52 0.4 71.31 16686.37 7635766.91 1.128265363870518e-05 7.03 0.0
GM2 1.0 66 20 3696532.34 -20.52 15.02 -22.87 2.07 1.01 34.2 11816.75 30758030.06 0.0025082345649379964 26.97 0.0
GM2 1.0 67 8 1423258.69 -25.63 4.58 -28.22 1.16 0.74 38.4 15542.09 17140963.5 0.00014357003957103136 15.93 0.0
GM2 1.0 68 2 323152.24 -24.06 5.05 -28.27 0.34 0.34 37.46 13840.3 17832406.64 0.00022160155237139345 18.83 0.0
GM2 1.0 69 37 6721637.34 -29.12 13.58 -17.51 4.67 2.0 36.59 12139.85 26551206.64 0.0020833407782408467 27.71 0.0
GM2 1.0 70 5 1026573.76 -26.98 6.02 -8.08 0.17 0.16 28.8 15353.51 15714404.15 9.614795742839665e-05 6.19 0.0
GM2 1.0 71 14 2858449.11 -25.76 11.07 -14.56 1.16 0.58 31.59 11818.57 24527397.06 0.0012197049928755063 12.2 0.0
GM2 1.0 72 7 1434032.55 -26.92 -3.34 22.26 0.52 0.34 35.09 14311.31 14337591.13 9.444261860308088e-05 8.9 0.0
GM2 1.0 73 5 1091185.62 -30.11 13.12 -23.76 0.89 0.45 40.54 13720.45 18082179.3 0.00023925451948994054 9.54 0.0
GM2 1.0 74 5 935218.0 -30.33 14.14 -20.56 0.61 0.37 39.27 12959.47 20685327.27 0.0005207568825853834 13.26 0.0
GM2 1.0 75 2 435535.34 -30.32 13.28 -25.86 0.32 0.31 42.01 13458.66 21945713.96 0.0005502157131345074 26.41 0.0
GM2 1.0 76 2 323795.55 -27.6 15.41 -23.64 0.54 0.39 39.48 16667.93 16860909.32 9.05814726064997e-05 23.12 0.0
GM2 1.0 77 2 437027.67 -24.06 4.5 -44.08 0.17 0.17 50.42 18306.52 15058488.24 4.217879732412118e-05 13.15 0.0
GM2 1.0 78 3 465756.84 -24.07 6.79 -41.08 0.64 0.39 48.1 27520.35 22625794.77 2.8397904475343278e-05 30.32 0.0
GM2 1.0 79 9 1826965.93 -23.68 8.45 -18.7 0.73 0.6 31.33 13369.8 18339496.9 0.0002834457946523552 21.58 0.0
GM2 1.0 80 2 435891.23 -23.14 10.07 -27.33 0.14 0.14 37.2 18899.39 14786448.99 3.5453154401986355e-05 11.67 0.0
GM2 1.0 81 4 844700.69 -23.49 5.0 -26.49 0.9 0.65 35.76 15660.26 14616241.54 8.427661906574833e-05 19.58 0.0
GM2 1.0 82 12 2272886.57 -25.5 1.87 -36.46 1.45 0.93 44.53 22453.74 25650884.72 0.00015831102146981506 25.99 0.0
GM2 1.0 83 3 659036.19 -27.38 9.16 -37.41 0.62 0.44 47.25 12820.39 25615389.01 0.0009947462204893513 21.77 0.0
GM2 1.0 84 3 589449.26 -25.57 2.29 -34.32 0.82 0.62 42.85 69346.01 56814304.54 1.9103077887422803e-07 34.28 0.0
GM2 1.0 85 2 356016.27 -27.95 10.66 -34.4 0.48 0.33 45.58 14920.38 22531206.15 0.0003727861143635359 18.49 0.0
GM2 1.0 86 5 938170.04 -26.74 10.49 -30.79 0.82 0.5 42.1 15585.03 22361938.64 0.00031927667010103175 34.69 0.0
GM2 1.0 87 2 425851.11 -57.32 13.48 -28.0 0.25 0.25 65.2 20752.15 7141218.03 4.938582582032932e-06 6.36 0.0
GM2 1.0 88 3 639925.68 -58.77 13.89 -28.72 0.64 0.44 66.88 16514.02 8583077.63 1.4579571484957058e-05 10.79 0.0
GM2 1.0 89 12 2360362.37 -49.28 14.38 -29.31 1.3 0.77 59.11 12376.03 15149756.7 0.00023046809149057597 12.02 0.0
GM2 1.0 90 2 442479.7 -60.11 14.35 -29.43 0.44 0.42 68.45 15418.59 10671764.6 3.14329339817672e-05 16.28 0.0
GM2 1.0 91 2 458283.77 -38.84 14.95 -18.8 0.17 0.16 45.67 45347.51 21080542.11 2.9739868099965526e-06 11.97 0.0
GM2 1.0 92 4 786067.52 -33.05 11.23 -30.68 0.92 0.62 46.47 15213.66 22417955.69 0.0004977280018235823 25.5 0.0
GM2 1.0 93 5 1007616.52 -41.25 13.77 -23.6 0.72 0.56 49.48 15633.74 14818398.93 7.776295355466418e-05 10.87 0.0
GM2 1.0 94 2 347001.04 -36.39 13.61 -28.36 0.4 0.39 48.1 53945.42 83745514.84 0.0002758369397888269 30.33 0.0
GM2 1.0 95 5 1059743.78 -18.24 38.32 -45.3 0.53 0.31 62.07 18174.17 9724908.92 1.4396761250798484e-05 9.2 0.0
GM2 1.0 96 3 639889.52 -16.73 32.84 -43.56 0.3 0.27 57.06 13843.74 16956508.98 0.00019969710161060042 8.36 0.0
GM2 1.0 97 5 991531.56 -19.57 44.98 -40.67 0.9 0.66 63.72 15622.04 9962295.19 2.692987166399488e-05 8.69 0.0
GM2 1.0 98 8 1547476.65 -19.63 41.96 -42.9 0.96 0.66 63.14 15551.02 13082880.44 5.866835546412677e-05 13.11 0.0
GM2 1.0 99 6 1242580.15 -18.61 30.22 -39.64 0.9 0.66 53.21 11591.04 28301288.58 0.0021212591857307107 26.47 0.0
GM2 1.0 100 5 985855.97 -20.09 29.42 -34.63 0.83 0.52 49.68 12621.93 19770446.45 0.0005612254893231203 19.0 0.0
GM2 1.0 101 2 458142.71 -12.28 31.98 -14.1 0.24 0.24 37.04 20354.44 11914468.18 1.5009685586788392e-05 6.26 0.0
GM2 1.0 102 6 1280247.31 -12.56 32.15 20.42 0.45 0.3 40.1 15246.98 15523477.48 9.350744621697984e-05 8.97 0.0
GM2 1.0 103 18 3868920.5 -13.27 35.11 10.24 1.41 0.67 38.91 11479.68 26728720.67 0.001671134022636349 15.06 0.0
GM2 1.0 104 2 331925.76 -13.05 31.46 -13.03 0.47 0.33 36.47 59073.35 31725135.62 1.395232564061473e-07 15.56 0.0
GM2 1.0 105 43 8411407.59 -16.15 30.01 -14.72 2.22 1.17 37.13 9906.13 44870480.9 0.01205003778625207 24.23 0.0
GM2 1.0 106 12 2527492.12 -11.22 30.49 -18.97 2.39 1.25 37.62 12717.04 23978711.95 0.0008486231530355542 26.05 0.0
GM2 1.0 107 7 1267768.47 -16.77 40.76 5.67 0.86 0.56 44.44 14024.05 17934313.53 0.00021561016256234244 18.22 0.0
GM2 1.0 108 6 1233173.77 -18.11 54.04 13.23 0.89 0.65 58.51 25538.89 14870549.58 1.8054387382051797e-05 18.45 0.0
GM2 1.0 109 2 385462.76 -17.37 41.32 31.16 0.42 0.38 54.59 25135.5 8859715.54 3.4634444647054337e-06 1.63 0.0
GM2 1.0 110 3 645592.09 -18.16 54.37 19.36 0.49 0.41 60.51 31999.58 11241605.32 2.3597127667489766e-06 8.37 0.0
GM2 1.0 111 10 2079946.93 -18.31 39.11 11.93 1.3 0.7 44.8 14885.22 16391916.48 0.00012570206124334107 12.39 0.0
GM2 1.0 112 109 21715040.12 -17.62 36.08 -7.53 4.07 2.13 40.85 9024.52 70642043.17 0.026626131195051847 21.35 0.0
GM2 1.0 113 5 1060428.87 -18.8 40.32 7.74 0.67 0.43 45.16 16729.52 16455125.73 7.660613169590321e-05 11.03 0.0
GM2 1.0 114 3 647522.66 -20.33 42.23 8.77 0.25 0.17 47.68 17314.67 13345928.32 3.771803024663749e-05 8.44 0.0
GM2 1.0 115 5 967368.45 -18.69 57.45 -2.88 0.69 0.34 60.49 16335.91 10541922.54 2.505391526834999e-05 8.28 0.0
GM2 1.0 116 2 424168.27 -19.53 43.18 -7.31 0.38 0.38 47.95 27820.24 11224251.34 4.046281115343453e-06 9.02 0.0
GM2 1.0 117 12 2481490.66 -11.42 36.32 15.16 0.89 0.41 40.98 12439.86 22955568.99 0.0007986681917843048 11.48 0.0
GM2 1.0 118 6 1301896.79 -3.32 39.91 54.93 1.08 0.76 67.98 24280.46 10466570.87 6.908764681592675e-06 10.2 0.0
GM2 1.0 119 6 1231060.4 5.08 54.01 34.87 0.67 0.5 64.49 23665.37 11604543.32 9.769404676473701e-06 11.25 0.0
GM2 1.0 120 16 3177557.0 -5.93 56.17 16.6 1.44 0.81 58.87 12709.24 17328266.3 0.0003302744549219616 14.93 0.0
GM2 1.0 121 3 616500.95 -8.93 41.58 28.86 0.32 0.25 51.39 49427.47 19338831.15 1.6902888755276826e-06 6.22 0.0
GM2 1.0 122 6 1210649.17 15.04 63.18 37.19 0.61 0.44 74.84 36817.9 9487011.65 1.0523832163804988e-06 6.07 0.0
GM2 1.0 123 10 2145141.98 -14.38 40.47 16.36 0.76 0.43 45.96 13477.8 18803920.86 0.00028773857998962333 9.32 0.0
GM2 1.0 124 6 1169863.24 -12.38 54.98 12.15 1.2 0.74 57.65 16833.19 12683535.58 4.39600962305498e-05 6.89 0.0
GM2 1.0 125 4 849749.91 -11.08 51.52 13.34 0.89 0.52 54.36 32020.39 14887613.51 8.35941501841897e-06 12.52 0.0
GM2 1.0 126 8 1537951.71 -15.39 54.77 10.72 0.79 0.6 57.89 14857.12 14543096.82 9.252020377237654e-05 11.38 0.0
GM2 1.0 127 6 1285007.56 -11.62 57.5 8.66 0.7 0.6 59.29 17520.02 11684257.77 2.624137771471894e-05 9.35 0.0
GM2 1.0 128 2 376779.69 3.99 54.48 35.93 0.06 0.05 65.39 36650.0 13660699.68 8.398956892850286e-07 0.68 0.0
GM2 1.0 129 10 2004667.75 -12.53 50.2 5.52 0.99 0.59 52.04 14805.14 14446608.09 8.636404764666591e-05 19.87 0.0
GM2 1.0 130 8 1707064.87 -12.24 54.08 1.39 0.76 0.49 55.47 14533.26 13127398.56 7.005440127589595e-05 6.4 0.0
GM2 1.0 131 4 879166.33 -3.87 71.42 6.7 0.51 0.32 71.84 21837.91 6793127.47 3.475216784278518e-06 8.08 0.0
GM2 1.0 132 3 637104.89 85.38 59.46 -7.33 0.67 0.49 104.31 24835.14 3893935.51 7.309846766610827e-07 7.83 0.0
GM2 1.0 133 6 1157947.57 -13.63 64.38 -4.4 1.45 0.76 65.95 24717.15 9825098.15 7.684317679086966e-06 11.41 0.0
GM2 1.0 134 2 424744.58 88.8 58.43 -5.97 0.34 0.34 106.47 21509.97 4140017.52 1.2930200243953926e-06 1.77 0.0
GM2 1.0 135 2 424207.11 86.82 58.45 -5.91 0.42 0.42 104.83 23637.82 4582553.58 1.1360856711284782e-06 7.77 0.0
GM2 1.0 136 18 3768360.95 -10.77 45.06 3.51 1.9 0.82 46.46 11827.93 24338174.12 0.0011489189740667095 14.43 0.0
GM2 1.0 137 2 431398.6 -10.08 45.64 5.58 0.09 0.08 47.07 14899.64 13812671.4 7.274607883066424e-05 5.42 0.0
GM2 1.0 138 87 17539697.85 -10.17 9.87 -33.89 4.21 2.08 36.74 10386.11 59400054.78 0.01694453523289154 26.62 0.0
GM2 1.0 139 13 2356238.17 -19.73 37.01 -34.09 1.56 0.78 54.05 11874.32 23185680.74 0.0010971667195694272 21.47 0.0
GM2 1.0 140 6 1049413.96 -19.6 33.77 -33.15 0.76 0.6 51.22 13334.29 18899934.16 0.0003967805371971955 12.19 0.0
GM2 1.0 141 63 11899580.84 -17.63 41.58 -26.58 3.74 1.82 52.41 10286.92 34629110.58 0.006212548968377933 23.42 0.0
GM2 1.0 142 2 309354.33 -19.59 34.39 -20.48 0.27 0.19 44.57 17531.71 16614125.15 6.751110706498373e-05 10.67 0.0
GM2 1.0 143 34 6509900.24 -16.92 33.08 -22.84 2.78 1.53 43.62 10728.13 29599572.85 0.002955247040375253 21.6 0.0
GM2 1.0 144 33 6922807.45 -16.98 38.51 -21.71 2.09 1.01 47.36 9771.3 42481101.84 0.010619356505196334 14.53 0.0
GM2 1.0 145 5 1008052.8 -18.89 39.69 -23.89 0.53 0.36 50.03 10601.86 22984261.29 0.001433936947166394 11.18 0.0
GM2 1.0 146 2 395631.27 -17.12 28.83 -35.81 0.15 0.13 49.06 12450.37 20576326.8 0.0005946804930791486 21.36 0.0
GM2 1.0 147 4 827604.16 -19.5 12.04 -42.72 0.78 0.53 48.48 33157.77 50410741.0 8.99981029796022e-05 24.29 0.0
GM2 1.0 148 14 2776223.4 -12.19 15.24 -39.56 1.49 0.68 44.11 13768.45 48319250.5 0.008968810359214562 28.41 0.0
GM2 1.0 149 29 5855873.64 -14.02 13.13 -44.67 2.38 1.37 48.63 11002.52 31176960.71 0.0030645300911189 19.49 0.0
GM2 1.0 150 7 1503557.35 -13.57 25.63 -47.82 1.39 0.76 55.92 22078.13 25938524.54 0.00022862783379358695 26.14 0.0
GM2 1.0 151 2 375826.67 -13.65 27.52 -47.69 0.17 0.15 56.73 18080.75 17030902.56 6.234620258960556e-05 17.68 0.0
GM2 1.0 152 4 683598.82 -15.44 43.11 -37.55 0.54 0.49 59.22 19354.85 10857908.08 1.4846979808090241e-05 9.38 0.0
GM2 1.0 153 11 2028145.64 -14.72 33.91 -36.52 0.81 0.42 51.96 10582.11 31095246.53 0.003422362675351477 19.73 0.0
GM2 1.0 154 3 636299.03 66.13 11.17 -32.16 0.48 0.35 74.38 39284.49 10249963.98 7.710334242201322e-07 6.84 0.0
GM2 1.0 155 4 644933.47 -7.95 16.38 -34.29 0.2 0.15 38.83 14660.51 21494336.12 0.0003296758036328872 21.62 0.0
GM2 1.0 156 15 3167760.5 -13.3 37.8 -42.36 1.68 0.75 58.31 14175.27 21392328.34 0.0005045833838471154 17.83 0.0
GM2 1.0 157 5 1060546.3 69.49 15.83 -32.49 0.58 0.41 78.33 19855.8 5924548.3 3.5888767716007507e-06 4.77 0.0
GM2 1.0 158 2 424194.56 70.54 15.07 -33.26 0.35 0.35 79.43 28997.42 7561980.48 1.7982946765901062e-06 7.65 0.0
GM2 1.0 159 4 593995.79 -14.92 31.76 -35.59 0.55 0.38 49.98 12917.38 22325900.08 0.0006718999055001689 29.5 0.0
GM2 1.0 160 32 6250797.55 -13.12 34.64 -22.73 1.6 0.97 43.46 12834.27 51030340.43 0.010647914414913912 19.18 0.0
GM2 1.0 161 2 347377.76 -15.58 34.95 -21.39 0.65 0.49 43.84 14397.14 14870915.54 0.00010587115039082568 17.9 0.0
GM2 1.0 162 3 537072.32 -14.3 39.38 -34.69 0.6 0.49 54.39 20199.83 12600852.16 1.978133425558104e-05 23.18 0.0
GM2 1.0 163 4 827017.72 -12.25 29.94 -16.34 0.72 0.55 36.25 14853.94 18720435.95 0.0002672472354769458 27.23 0.0
GM2 1.0 164 4 804654.22 -14.79 29.82 -10.85 0.34 0.24 35.01 16492.46 14571001.27 5.962672218252218e-05 11.14 0.0
GM2 1.0 165 14 3131703.54 -7.14 33.07 -29.35 1.63 0.67 44.79 10515.33 31946671.6 0.004175481259876269 18.0 0.0
GM2 1.0 166 11 2110403.78 -13.93 32.8 -28.42 1.2 0.65 45.58 11055.0 35278342.3 0.004733589892998432 33.09 0.0
GM2 1.0 167 3 487373.53 -14.77 9.03 -36.92 0.51 0.32 40.78 15712.05 21564618.25 0.0002492383432834216 8.73 0.0
GM2 1.0 168 4 646315.25 -15.14 19.31 -23.63 0.63 0.46 34.07 13620.53 24029142.52 0.0006764741368841276 25.16 0.0
GM2 1.0 169 42 8075469.66 -14.14 7.03 -34.98 2.27 1.24 38.38 10785.9 41247275.9 0.0076230693704203096 26.67 0.0
GM2 1.0 170 19 4015980.29 -17.06 19.32 1.68 0.61 0.39 25.83 10227.78 36423216.52 0.005788393363294772 8.23 0.0
GM2 1.0 171 19 3798407.65 -17.55 1.08 -35.14 1.31 0.73 39.29 11480.9 33414157.1 0.003285537327694979 27.7 0.0
GM2 1.0 172 27 5170852.85 -20.43 4.5 -34.42 3.08 1.78 40.28 12681.04 22261965.39 0.0008099938463445684 26.67 0.0
GM2 1.0 173 2 445429.07 -12.45 12.39 -33.01 0.35 0.34 37.39 16365.31 24825684.56 0.00033621022175001026 22.28 0.0
GM2 1.0 174 13 2467070.03 -14.48 -1.73 -36.16 1.25 0.63 38.99 13631.89 21422937.85 0.0004806105491506013 20.1 0.0
GM2 1.0 175 2 449612.48 -20.22 28.18 -33.4 0.26 0.26 48.16 12675.46 23840483.26 0.000846032248976434 13.61 0.0
GM2 1.0 176 3 601680.8 -17.17 12.66 -44.09 0.59 0.47 48.98 16247.53 18751630.53 0.00014129340138005738 25.7 0.0
GM2 1.0 177 2 424458.9 9.03 -2.88 -49.95 0.01 0.01 50.84 25582.49 6366013.66 1.6624729831535411e-06 0.17 0.0
GM2 1.0 178 4 812380.56 -16.39 11.21 -43.96 0.79 0.54 48.23 13920.82 19792355.78 0.0003150048127773408 11.1 0.0
GM2 1.0 179 2 434257.35 -18.31 13.43 -41.88 0.22 0.22 47.64 67729.64 83434377.32 1.8871471639880205e-07 5.48 0.0
GM2 1.0 180 2 454559.54 11.97 -28.08 -29.94 0.25 0.25 42.76 20033.59 8439322.19 7.64090972885912e-06 2.05 0.0
GM2 1.0 181 16 3394165.15 17.35 -16.73 -13.32 0.1 0.04 27.54 10594.08 36693404.34 0.005026998466395803 1.48 0.0
GM2 1.0 182 2 321533.98 -8.7 20.62 -25.6 0.17 0.16 34.0 15856.34 19331208.31 0.00016161211269707836 8.28 0.0
GM2 1.0 183 2 397219.02 -8.43 19.48 28.65 0.03 0.02 35.65 18856.6 8897647.22 1.0429734541315713e-05 2.42 0.0
GM2 1.0 184 3 636361.77 46.56 19.37 2.17 0.35 0.33 50.47 21689.55 7221285.42 4.050195567215826e-06 2.33 0.0
GM2 1.0 185 6 1273079.25 13.04 17.45 8.9 0.44 0.22 23.53 12026.04 22172130.02 0.0008112095692190599 7.44 0.0
GM2 1.0 186 3 636273.62 50.91 -5.03 -15.74 0.32 0.22 53.52 54741.24 14176562.0 9.563768091747692e-08 4.42 0.0
GM2 1.0 187 4 848399.93 35.84 1.36 -8.91 0.46 0.39 36.96 14910.22 13177747.14 6.35328844092403e-05 6.23 0.0
GM2 1.0 188 3 608538.85 17.57 0.01 -12.44 0.07 0.06 21.53 14120.89 16579154.76 0.00016029410601453022 2.7 0.0
GM2 1.0 189 3 607451.79 8.25 11.33 22.75 0.06 0.05 26.72 15342.99 15918740.93 0.0001014605688710056 2.94 0.0
GM2 1.0 190 3 589820.4 13.97 10.91 11.54 0.1 0.06 21.15 14000.94 18489638.51 0.00023164503386080982 2.55 0.0
GM2 1.0 191 2 427564.59 9.05 17.14 -4.16 0.04 0.04 19.82 18013.49 12259550.39 2.636365207881602e-05 1.49 0.0
GM2 1.0 192 2 344429.87 14.33 9.53 3.29 0.11 0.09 17.53 16339.04 17884802.5 0.0001112122838177187 6.07 0.0
GM2 1.0 193 2 331864.57 3.77 8.35 13.34 0.1 0.08 16.19 13492.97 19586913.87 0.00033743270047251504 3.63 0.0
GM2 1.0 194 2 461031.06 19.64 9.93 8.61 0.01 0.01 23.63 14968.01 14508998.81 8.49283457583634e-05 0.5 0.0
GM2 1.0 195 4 848476.37 20.49 -7.5 17.51 0.25 0.16 27.98 14538.68 16823619.8 0.0001466196122864262 4.68 0.0
GM2 1.0 196 5 1060683.21 47.34 4.06 35.06 0.75 0.36 59.05 23652.74 6675630.5 2.488880208558718e-06 3.9 0.0
GM2 1.0 197 12 2606261.25 2.62 16.02 -2.28 0.49 0.29 16.39 12020.69 33747463.92 0.002516906346790064 10.51 0.0
GM2 1.0 198 2 375243.08 13.46 3.66 6.98 0.01 0.01 15.6 15183.66 20416235.51 0.00022889050633510255 0.49 0.0
GM2 1.0 199 2 388005.47 1.39 11.12 13.12 0.02 0.02 17.26 12893.47 18756678.66 0.0003517251116240417 0.49 0.0
GM2 1.0 200 2 429784.67 -3.96 -3.85 15.66 0.06 0.06 16.6 15153.34 15428432.59 9.74934019775553e-05 2.02 0.0
GM2 1.0 201 2 426309.1 -8.4 -0.34 32.22 0.29 0.29 33.3 16619.15 8327054.17 1.3678031767141137e-05 4.33 0.0
GM2 1.0 202 2 431509.12 -0.56 0.29 31.17 0.06 0.06 31.18 17705.69 10587017.3 1.920008424869678e-05 0.51 0.0
GM2 1.0 203 3 650170.77 16.68 0.12 -4.84 0.12 0.08 17.37 14481.05 21358484.7 0.00033498668163458624 3.77 0.0
GM2 1.0 204 4 761643.77 -16.31 4.83 -33.92 0.38 0.31 37.95 12900.26 20574185.8 0.0005317638254477197 16.72 0.0
GM2 1.0 205 2 315429.21 -16.8 3.19 -33.82 0.33 0.24 37.9 18229.09 16122439.41 5.14423713194327e-05 10.8 0.0
GM2 1.0 206 16 3057709.38 -10.73 21.13 -39.68 0.77 0.46 46.22 11784.58 42622065.28 0.005825869971983481 22.69 0.0
GM2 1.0 207 2 447128.52 -22.7 2.95 -32.72 0.32 0.32 39.93 16889.55 13932788.62 4.761113294208487e-05 21.04 0.0
GM2 1.0 208 2 431088.67 -21.45 5.17 -36.04 0.39 0.39 42.25 18443.01 20044295.56 8.758807654892181e-05 22.8 0.0
GM2 1.0 209 3 588902.57 -23.22 1.68 28.59 0.53 0.36 36.87 17453.31 10590590.66 1.9864487922111044e-05 5.13 0.0
GM2 1.0 210 11 2223721.89 -17.68 12.91 -23.4 0.84 0.4 32.04 11897.44 24940119.98 0.0012027474697350411 13.76 0.0
GM2 1.0 211 2 439889.25 -19.74 16.49 -25.21 0.39 0.39 36.02 12724.96 28363879.6 0.0013435998753949746 29.39 0.0
GM2 1.0 212 24 4850731.18 -20.22 16.69 -3.83 1.15 0.59 26.5 10193.24 47568773.47 0.011306741136699192 19.19 0.0
GM2 1.0 213 2 323104.05 -18.58 16.38 -24.94 0.44 0.43 35.15 15185.15 21899690.42 0.0003545881741621338 22.03 0.0
GM2 1.0 214 10 2075889.0 -14.44 22.45 -42.22 0.86 0.53 49.95 11296.86 36157404.49 0.003983424539030187 23.54 0.0
GM2 1.0 215 3 528922.28 -15.94 38.03 -28.41 0.6 0.48 50.08 18566.88 11778677.02 2.1031865009807725e-05 28.0 0.0
GM2 1.0 216 6 1268109.94 -12.87 21.75 -19.58 0.47 0.36 31.97 13413.23 22502126.99 0.0005856139981249778 32.9 0.0
GM2 1.0 217 19 3856081.53 -9.82 22.57 -42.81 0.81 0.58 49.38 10821.39 39562942.79 0.006369681394319205 25.53 0.0
GM2 1.0 218 2 431488.14 -12.25 24.65 -34.42 0.27 0.23 44.07 12916.96 29880971.61 0.0015053594840885793 14.89 0.0
GM2 1.0 219 18 3790341.34 -15.82 39.9 2.86 1.22 0.63 43.01 11092.88 29592255.26 0.002334494262064473 11.29 0.0
GM2 1.0 220 9 1771727.15 -15.74 45.39 6.9 1.23 0.75 48.53 14358.57 14039594.48 9.392898208516377e-05 9.59 0.0
GM2 1.0 221 5 1013559.12 6.54 63.1 14.15 0.7 0.56 64.99 60966.03 18084118.11 6.760710020388893e-08 8.15 0.0
GM2 1.0 222 7 1374917.53 -0.88 65.71 13.13 0.91 0.64 67.02 23111.27 8984600.24 5.272142067996097e-06 6.81 0.0
GM2 1.0 223 13 2467468.86 -30.5 41.14 -16.55 1.67 0.94 53.82 14601.27 13414299.13 8.320719788143946e-05 11.09 0.0
GM2 1.0 224 3 651869.77 -7.74 32.29 -24.26 0.22 0.19 41.13 11816.49 20429093.48 0.0007027973741332588 10.44 0.0
GM2 1.0 225 2 393196.89 -17.16 45.09 -27.24 0.49 0.45 55.41 16892.74 15138428.46 0.00010467642159022776 19.48 0.0
GM2 1.0 226 2 376470.35 -10.95 36.38 -28.33 0.24 0.21 47.39 18543.19 12529531.75 2.4793840740740466e-05 12.88 0.0
GM2 1.0 227 2 395484.12 -8.74 34.23 -23.81 0.5 0.45 42.6 20008.38 13762160.63 2.4440874482893674e-05 16.74 0.0
GM2 1.0 228 2 424819.53 78.8 77.25 -23.75 0.48 0.48 112.88 26836.44 3131034.8 3.410017466715463e-07 5.85 0.0
GM2 1.0 229 7 1494732.58 77.96 57.94 -23.13 1.24 0.63 99.85 32457.19 6178165.77 7.557822631682304e-07 7.7 0.0
GM2 1.0 230 2 424178.98 77.33 60.0 -23.6 0.35 0.35 100.68 25600.64 3656258.12 5.457044156586773e-07 3.43 0.0
GM2 1.0 231 125 24528393.99 -28.43 33.88 -13.9 6.39 3.23 46.37 11446.22 35261088.83 0.006092052047599566 29.13 0.0
GM2 1.0 232 7 1448805.82 -22.46 18.22 -19.88 1.6 0.78 35.09 13704.44 22733500.03 0.000880403489464926 35.36 0.0
GM2 1.0 233 9 1658146.26 14.1 -11.38 -8.43 0.54 0.24 19.98 13266.26 21259727.92 0.0005040511683192449 6.89 0.0
GM2 1.0 234 6 1273470.86 31.91 16.4 -8.81 0.11 0.05 36.95 16228.79 14611196.51 6.184382406959546e-05 0.55 0.0
GM2 1.0 235 3 636829.11 24.89 6.15 -14.74 0.16 0.11 29.57 15864.74 13058577.34 5.0267002041715706e-05 3.26 0.0
GM2 1.0 236 2 430988.51 34.82 2.44 -22.32 0.24 0.24 41.43 19498.48 6931577.84 5.424207728110974e-06 5.96 0.0
GM2 1.0 237 8 1696673.13 -77.4 67.15 63.62 0.15 0.06 120.61 39893.43 5467648.47 1.4880814474702206e-07 0.8 0.0
GM2 1.0 238 2 466403.29 -71.08 53.05 3.71 0.25 0.24 88.77 24951.08 5051558.52 1.1720571192336898e-06 2.66 0.0
GM2 1.0 239 3 543446.47 -82.15 43.17 -1.02 0.55 0.5 92.81 19520.44 5088743.98 2.921968959349043e-06 10.5 0.0
GM2 1.0 240 3 706657.0 -84.04 41.9 -1.79 0.66 0.47 93.92 17995.76 5099728.24 3.629911626835411e-06 9.09 0.0
GM2 1.0 241 2 442397.08 -68.2 54.92 3.31 0.39 0.38 87.63 20699.94 5318225.35 2.5952662240142495e-06 5.39 0.0
GM2 1.0 242 7 1250837.67 -66.06 53.28 2.72 1.05 0.59 84.91 18056.91 6264804.06 5.872655214385085e-06 5.55 0.0
GM2 1.0 243 2 456242.4 -68.43 43.61 -4.21 0.29 0.28 81.25 21547.67 5841935.29 2.673860968926476e-06 13.35 0.0
GM2 1.0 244 3 672605.22 -66.7 51.95 2.02 0.84 0.61 84.57 29063.14 10117046.62 3.156205598873477e-06 6.91 0.0
GM2 1.0 245 2 433790.84 -57.28 44.45 -6.41 0.42 0.42 72.78 18130.62 5918745.58 4.962860151357336e-06 8.61 0.0
GM2 1.0 246 2 372536.26 -68.48 44.77 -3.78 0.36 0.31 81.91 21395.13 5442590.37 2.4128969521418303e-06 9.53 0.0
GM2 1.0 247 2 251882.56 -67.23 43.19 -4.79 0.21 0.17 80.06 20105.12 6259191.98 3.993354205868246e-06 16.44 0.0
GM2 1.0 248 4 915567.58 -59.46 44.15 -5.57 0.8 0.62 74.27 17172.0 6930967.0 8.25950732566649e-06 10.55 0.0
GM2 1.0 249 2 377331.61 -62.86 42.09 -4.35 0.35 0.31 75.78 16606.31 9282982.04 1.7290491420966103e-05 5.51 0.0
GM2 1.0 250 2 424168.26 -63.25 42.58 -1.96 0.32 0.32 76.27 17527.59 9003765.73 1.372117805465831e-05 12.33 0.0
GM2 1.0 251 2 321835.84 -64.34 42.34 -6.47 0.51 0.49 77.29 35608.46 13012161.13 1.9125500564260743e-06 10.45 0.0
GM2 1.0 252 2 361782.52 -63.18 42.44 0.56 0.37 0.32 76.11 27233.23 7115179.78 1.9188995676357577e-06 1.7 0.0
GM2 1.0 253 2 336942.95 -69.22 42.92 -0.3 0.06 0.06 81.45 49592.86 7742392.12 8.86425427934715e-08 8.95 0.0
GM2 1.0 254 6 1309345.72 -63.59 40.64 -2.64 0.99 0.79 75.52 14706.69 10832579.3 4.1916558276347965e-05 9.32 0.0
GM2 1.0 255 2 332550.0 -64.83 41.44 -2.24 0.19 0.17 76.97 29625.76 16441719.6 1.1365363174192043e-05 9.31 0.0
GM2 1.0 256 4 887859.36 -59.06 38.66 4.69 0.56 0.48 70.75 15355.81 9969048.74 2.717744692069416e-05 7.97 0.0
GM2 1.0 257 2 440176.14 -57.75 39.4 4.02 0.39 0.38 70.02 15970.73 8570092.61 1.670382089819335e-05 4.23 0.0
GM2 1.0 258 2 452185.62 -60.38 39.06 1.61 0.27 0.27 71.93 15404.32 8593205.12 1.830086181546979e-05 3.04 0.0
GM2 1.0 259 2 424168.35 -65.42 30.51 -5.48 0.21 0.21 72.39 25593.88 11272233.46 5.074036660423607e-06 11.2 0.0
GM2 1.0 260 2 375812.5 -66.38 31.82 -3.67 0.54 0.47 73.71 18021.25 7850054.14 9.306501004451503e-06 13.29 0.0
GM2 1.0 261 9 1695181.33 -66.84 32.51 -0.91 1.78 0.89 74.33 14334.34 12233820.05 6.75356170937657e-05 9.74 0.0
GM2 1.0 262 6 1034260.15 -65.76 27.55 -6.24 0.87 0.64 71.57 14353.72 10243196.14 3.7992893003311364e-05 18.36 0.0
GM2 1.0 263 2 432949.19 -57.91 37.57 -2.0 0.31 0.3 69.06 16896.61 8098562.58 1.2098904720071925e-05 6.38 0.0
GM2 1.0 264 3 640749.06 -69.66 32.44 -1.26 0.7 0.59 76.85 17144.8 9221980.92 1.5600218917149297e-05 10.13 0.0
GM2 1.0 265 2 424168.53 -68.84 30.85 -1.86 0.5 0.5 75.46 15965.56 9697154.16 2.145109171384601e-05 12.0 0.0
GM2 1.0 266 2 332457.33 -58.14 30.38 -9.85 0.63 0.48 66.34 17420.12 6848612.44 7.863025042013487e-06 6.71 0.0
GM2 1.0 267 2 447868.52 -67.78 30.58 -10.77 0.49 0.47 75.14 18947.6 7570523.92 7.338958143570776e-06 12.11 0.0
GM2 1.0 268 3 640393.35 -61.35 28.1 -8.25 0.55 0.38 67.98 13636.35 13245812.95 9.20312539378345e-05 10.57 0.0
GM2 1.0 269 3 651853.37 -59.8 28.55 -9.58 0.48 0.33 66.96 12038.2 14929601.67 0.00022299720956376115 4.79 0.0
GM2 1.0 270 4 779407.41 -60.14 27.55 -9.82 1.01 0.63 66.87 11321.46 16513831.1 0.0004348989132009039 7.82 0.0
GM2 1.0 271 3 548537.63 -44.79 35.22 -8.22 0.82 0.6 57.57 21264.04 8564240.24 6.460500583757894e-06 15.77 0.0
GM2 1.0 272 5 1003061.56 -56.91 35.08 -8.41 0.76 0.59 67.38 16464.85 8335239.36 1.4676089932139875e-05 11.47 0.0
GM2 1.0 273 2 255153.24 -52.78 29.46 -15.6 0.13 0.11 62.43 15790.0 9348577.83 2.0817735280400223e-05 3.28 0.0
GM2 1.0 274 25 5132572.42 -54.67 26.25 -14.83 1.87 1.02 62.44 10140.92 28930969.27 0.0034268749988030592 16.57 0.0
GM2 1.0 275 2 424179.29 -69.48 29.83 -2.68 0.06 0.06 75.66 15554.38 8999308.17 1.9389516839393572e-05 5.47 0.0
GM2 1.0 276 5 1001013.43 -72.03 29.69 -3.89 1.13 0.77 78.01 16054.57 9119249.01 1.8837842813216064e-05 9.14 0.0
GM2 1.0 277 3 648618.71 -64.0 28.26 -6.32 0.64 0.51 70.25 14340.75 10788640.43 4.36882949666676e-05 9.36 0.0
GM2 1.0 278 3 640367.07 -60.24 32.16 -2.48 0.67 0.45 68.33 17917.53 6435209.94 5.980363390336703e-06 9.57 0.0
GM2 1.0 279 2 404565.65 -57.99 32.59 -3.46 0.4 0.39 66.61 18368.75 8222689.27 9.499217076221712e-06 10.34 0.0
GM2 1.0 280 2 431798.52 -49.94 39.29 -8.48 0.31 0.3 64.1 16962.66 6953680.44 8.570579803416598e-06 2.87 0.0
GM2 1.0 281 5 975600.82 -51.86 39.57 -7.58 0.97 0.6 65.67 15591.0 8692992.41 1.83986736996512e-05 10.53 0.0
GM2 1.0 282 2 449456.55 -77.66 39.16 -9.25 0.31 0.29 87.46 16122.85 6287591.09 8.031670864321822e-06 4.22 0.0
GM2 1.0 283 2 418405.74 -75.79 38.45 -8.78 0.44 0.35 85.44 18212.68 5389707.42 3.925238416425419e-06 5.49 0.0
GM2 1.0 284 3 596813.98 -47.96 39.09 -12.91 0.58 0.45 63.21 20186.2 7031458.53 5.061173560423849e-06 7.44 0.0
GM2 1.0 285 4 748564.01 -48.42 36.36 -12.26 0.42 0.38 61.78 16412.67 7419197.82 1.1024858729061197e-05 6.25 0.0
GM2 1.0 286 2 441585.05 -44.51 39.44 -14.43 0.49 0.49 61.19 28491.02 11839437.87 3.581360797533316e-06 16.66 0.0
GM2 1.0 287 2 365894.65 -51.4 36.92 -12.28 0.27 0.23 64.47 33714.69 7625897.51 1.1242733154417762e-06 11.82 0.0
GM2 1.0 288 4 612640.83 -63.45 37.81 -15.47 1.06 0.58 75.46 24694.47 5332878.41 1.3315414612836455e-06 12.72 0.0
GM2 1.0 289 6 1235591.18 -47.02 33.11 -11.06 1.2 0.76 58.56 16192.01 10060606.76 2.3642739994046242e-05 11.11 0.0
GM2 1.0 290 2 433657.88 -87.25 37.57 -11.75 0.19 0.19 95.72 37124.72 10672047.63 1.935400739837193e-06 7.07 0.0
GM2 1.0 291 2 374680.21 -62.87 37.6 -17.2 0.22 0.19 75.24 25345.1 4881179.48 1.010863923825052e-06 3.08 0.0
GM2 1.0 292 2 291470.39 -76.85 38.05 -8.41 0.23 0.19 86.17 16881.67 6528489.38 7.562045507814194e-06 6.52 0.0
GM2 1.0 293 4 880847.9 -82.63 40.48 -13.67 0.7 0.63 93.02 21035.36 5060874.42 2.1931393829916885e-06 8.7 0.0
GM2 1.0 294 2 429943.65 -51.83 34.47 -12.55 0.48 0.47 63.49 27538.57 11955146.15 3.6450299651082834e-06 11.46 0.0
GM2 1.0 295 3 557084.88 -58.15 33.34 -8.13 0.59 0.48 67.52 17542.59 8170728.92 1.1192518364683543e-05 9.68 0.0
GM2 1.0 296 2 427213.39 -47.0 33.8 -9.09 0.35 0.35 58.6 16629.02 8815593.81 1.5244871451203988e-05 7.17 0.0
GM2 1.0 297 4 848390.52 -52.81 33.38 -7.89 0.56 0.39 62.97 13900.28 11298845.85 5.6649267729599164e-05 8.43 0.0
GM2 1.0 298 11 2035450.43 -53.16 32.55 -13.42 1.8 1.04 63.76 14769.65 10782193.33 4.284530591129536e-05 8.88 0.0
GM2 1.0 299 2 406733.26 -53.37 31.78 -15.69 0.29 0.27 64.06 15914.73 7906556.71 1.4073337672639611e-05 14.21 0.0
GM2 1.0 300 3 575379.49 -50.64 32.23 -8.89 0.53 0.4 60.68 16763.3 9233380.7 1.639107633447203e-05 9.0 0.0
GM2 1.0 301 7 1452110.99 -45.63 29.58 -8.75 0.92 0.69 55.08 15733.16 11265206.2 3.4670355306702474e-05 14.26 0.0
GM2 1.0 302 6 1105820.86 -43.03 29.18 -16.02 1.13 0.67 54.41 15518.13 11457864.82 3.981542363164636e-05 14.32 0.0
GM2 1.0 303 4 712311.63 -45.09 32.99 -21.28 0.86 0.49 59.79 20220.09 7161947.69 5.230236646860655e-06 6.35 0.0
GM2 1.0 304 2 466379.44 -83.11 33.05 -8.66 0.44 0.44 89.86 24009.18 4759254.8 1.2123889951908315e-06 3.36 0.0
GM2 1.0 305 3 563512.54 -69.07 30.73 -9.88 0.46 0.39 76.24 20238.96 7393110.89 5.582712267119858e-06 7.11 0.0
GM2 1.0 306 4 723019.04 -46.62 33.93 -19.75 0.75 0.65 60.95 17431.73 6808232.27 7.644268322157387e-06 9.33 0.0
GM2 1.0 307 2 408087.07 -45.97 33.11 -17.51 0.57 0.5 59.3 17770.12 6649876.88 6.929496622275886e-06 18.39 0.0
GM2 1.0 308 5 920740.48 -46.47 28.96 -5.16 1.08 0.63 55.0 17559.16 11232875.23 2.2990578223644013e-05 16.37 0.0
GM2 1.0 309 11 2148964.32 -37.2 30.2 -5.8 0.93 0.57 48.27 12070.86 20506669.27 0.0006555602461434621 12.36 0.0
GM2 1.0 310 2 397137.28 -48.07 27.86 -5.01 0.58 0.49 55.79 23702.71 10044056.91 5.477627371428326e-06 10.86 0.0
GM2 1.0 311 10 1933867.84 -32.73 30.11 7.02 0.86 0.56 45.03 20323.2 19683722.83 7.10708796616785e-05 9.57 0.0
GM2 1.0 312 18 3548608.2 -52.26 30.86 -5.38 2.81 1.33 60.93 11733.46 17153485.45 0.0004874708202608409 9.98 0.0
GM2 1.0 313 3 523007.47 -44.72 30.03 -0.86 0.66 0.52 53.88 18306.71 11698556.89 2.2576854165935043e-05 10.14 0.0
GM2 1.0 314 3 608555.24 -55.69 37.62 0.69 0.66 0.46 67.21 15484.78 9258088.07 2.167365853105737e-05 9.56 0.0
GM2 1.0 315 6 1225452.28 -47.63 35.95 3.56 1.18 0.67 59.78 14002.25 12739635.72 9.158330115351113e-05 11.87 0.0
GM2 1.0 316 3 527571.1 -43.89 35.92 10.62 0.4 0.34 57.71 22894.0 7218424.5 3.337799991712426e-06 6.87 0.0
GM2 1.0 317 5 974584.73 -38.02 32.08 -4.23 0.94 0.54 49.93 14950.83 13310473.34 6.54903542699663e-05 13.52 0.0
GM2 1.0 318 8 1469823.38 -32.59 31.62 -2.15 0.81 0.6 45.46 16744.7 14422135.4 5.421386350664742e-05 14.65 0.0
GM2 1.0 319 7 1142373.97 -46.82 34.54 3.51 1.26 0.78 58.29 22085.8 18095170.2 6.528414959260358e-05 10.58 0.0
GM2 1.0 320 3 593931.78 -49.45 34.46 -3.22 0.23 0.19 60.35 17660.45 9017246.49 1.3338284658198707e-05 3.46 0.0
GM2 1.0 321 2 424172.32 -54.92 31.79 -1.38 0.27 0.27 63.47 19278.26 7108674.7 5.814355518629237e-06 8.88 0.0
GM2 1.0 322 3 621854.37 -56.53 31.77 -3.04 0.73 0.59 64.92 17125.68 9485519.23 1.6477596751556242e-05 7.97 0.0
GM2 1.0 323 8 1494545.51 -42.82 20.83 -16.78 1.24 0.75 50.48 13864.1 15070781.37 0.00013011633452112125 17.83 0.0
GM2 1.0 324 3 581612.45 -46.24 18.32 -16.31 0.66 0.5 52.34 14889.18 14688877.76 9.033703326655416e-05 7.61 0.0
GM2 1.0 325 10 2013643.93 -45.24 19.49 -16.01 1.25 0.72 51.8 12712.24 16401705.14 0.00024535121498290587 11.95 0.0
GM2 1.0 326 22 4279678.86 -36.03 25.39 -6.2 2.77 1.14 44.52 11990.02 22249388.93 0.0013443377486705 17.61 0.0
GM2 1.0 327 4 850269.24 -47.52 26.66 -11.66 0.74 0.53 55.72 14307.86 14224029.84 0.00010406071419734203 10.39 0.0
GM2 1.0 328 2 395118.38 -48.31 26.13 -10.35 0.51 0.44 55.89 12104.67 17311119.86 0.00033996293079097736 3.06 0.0
GM2 1.0 329 64 12465410.74 -36.64 24.43 -12.59 3.52 1.9 45.81 10256.07 35656839.01 0.006853858919564 20.8 0.0
GM2 1.0 330 11 2287844.9 -47.46 26.75 -15.25 1.29 0.81 56.57 11809.19 17961835.75 0.0004976266633577677 14.43 0.0
GM2 1.0 331 21 3802430.18 -41.38 25.43 -14.76 2.0 1.04 50.76 11834.63 20723995.22 0.0008500240969229618 14.54 0.0
GM2 1.0 332 2 424729.63 -47.96 26.73 -16.47 0.25 0.25 57.32 12171.51 16154290.44 0.00026793875300428475 1.29 0.0
GM2 1.0 333 4 697688.54 -47.37 24.53 -16.59 1.15 0.71 55.87 12758.34 14378583.88 0.00016505942780761172 8.24 0.0
GM2 1.0 334 2 371076.62 -44.07 29.79 -4.16 0.57 0.48 53.36 34154.03 18957234.28 7.116086096275367e-06 14.67 0.0
GM2 1.0 335 2 370586.2 -44.22 32.02 -2.66 0.43 0.37 54.66 19495.93 10584383.52 1.3718631379150447e-05 4.3 0.0
GM2 1.0 336 4 858728.22 -44.01 30.51 -2.15 0.58 0.48 53.6 16688.38 13589825.47 4.928472828189657e-05 8.27 0.0
GM2 1.0 337 2 384997.73 -34.48 23.94 3.35 0.25 0.22 42.11 20460.99 7917884.38 6.110272754404084e-06 5.93 0.0
GM2 1.0 338 2 395768.53 -40.25 23.42 -13.09 0.41 0.38 48.38 15161.11 14115590.49 7.505495348227315e-05 7.21 0.0
GM2 1.0 339 2 432964.66 -38.25 17.97 -12.85 0.15 0.15 44.17 39348.64 20752118.84 8.992408867715998e-07 2.63 0.0
GM2 1.0 340 2 364794.92 -70.33 31.45 -12.62 0.44 0.39 78.07 20261.66 4405722.1 1.807847832582748e-06 4.76 0.0
GM2 1.0 341 2 397205.3 -41.65 22.23 -15.72 0.52 0.47 49.76 15402.04 12255892.06 4.7666158388572264e-05 9.84 0.0
GM2 1.0 342 3 633154.11 -48.82 24.73 -15.18 0.71 0.55 56.8 13336.85 13495830.81 0.00012443544785835196 15.41 0.0
GM2 1.0 343 5 1014758.81 -49.04 20.77 -16.76 1.08 0.81 55.83 14991.42 13091057.36 6.760794911508557e-05 12.65 0.0
GM2 1.0 344 2 316505.81 -54.34 24.21 -16.36 0.65 0.49 61.7 15219.17 10488215.78 4.381020829586433e-05 22.53 0.0
GM2 1.0 345 2 377279.43 -44.63 22.66 -12.47 0.36 0.3 51.58 39755.8 14363738.19 1.6086701305167746e-06 5.29 0.0
GM2 1.0 346 43 8578880.75 -50.18 24.76 -11.49 3.38 1.76 57.12 11597.9 21000854.59 0.0010146498468496497 16.63 0.0
GM2 1.0 347 5 1056552.08 -33.08 26.14 -10.09 0.89 0.53 43.35 14673.14 16005644.24 0.00013365040344199194 22.44 0.0
GM2 1.0 348 2 442861.77 -33.05 22.59 -8.2 0.07 0.07 40.87 23473.48 11177784.67 7.215966480042946e-06 10.27 0.0
GM2 1.0 349 6 1237143.93 -53.59 17.56 -16.78 1.14 0.72 58.84 16786.55 10616041.55 2.490070437943074e-05 12.06 0.0
GM2 1.0 350 5 1083625.93 -51.89 26.7 -16.34 1.51 0.97 60.6 14622.33 9611747.44 3.199786060858578e-05 11.96 0.0
GM2 1.0 351 2 384869.45 -55.69 24.89 -16.53 0.55 0.5 63.2 13730.03 12974243.28 0.00012004318365159293 8.73 0.0
GM2 1.0 352 2 311070.38 -60.58 27.01 -13.46 0.36 0.36 67.67 15447.48 7616717.08 1.5182740516043412e-05 3.23 0.0
GM2 1.0 353 2 430026.0 -54.39 27.51 -13.84 0.46 0.46 62.5 11660.16 19007617.08 0.0006675977914334451 10.25 0.0
GM2 1.0 354 13 2611819.86 -57.2 26.44 -13.47 2.17 1.16 64.44 11262.48 19768193.28 0.0008124659957315334 14.34 0.0
GM2 1.0 355 5 872180.48 -61.74 24.94 -15.66 0.69 0.42 68.4 15574.8 9142841.79 2.1572070874698667e-05 5.95 0.0
GM2 1.0 356 7 1377246.51 -56.42 25.09 -12.16 1.02 0.65 62.94 11400.55 20030405.33 0.0008654480926609974 9.42 0.0
GM2 1.0 357 4 841896.31 -64.5 22.91 -16.0 0.93 0.63 70.29 13763.44 12426237.1 7.85204183096856e-05 12.18 0.0
GM2 1.0 358 2 375282.73 -59.12 24.02 -13.58 0.54 0.47 65.24 13012.73 12911125.53 0.00010251420007571167 8.91 0.0
GM2 1.0 359 6 1112535.23 -59.24 23.15 -10.91 0.97 0.75 64.53 14487.6 13803380.26 0.00010701177422406205 17.74 0.0
GM2 1.0 360 4 859175.57 -60.43 23.85 -12.89 0.49 0.34 66.23 12693.37 15308863.64 0.00018927030225321972 5.52 0.0
GM2 1.0 361 7 1459924.45 -59.24 25.66 -10.84 1.22 0.84 65.46 11804.55 16576329.0 0.0003377026834818279 10.22 0.0
GM2 1.0 362 10 1910509.17 -66.43 22.81 -14.77 1.58 1.01 71.77 13140.12 13844217.23 0.0001365643245301794 11.06 0.0
GM2 1.0 363 3 531155.79 -66.64 24.18 -15.55 0.72 0.51 72.57 13279.46 11739182.91 7.297506822099645e-05 6.98 0.0
GM2 1.0 364 4 746288.76 -51.87 19.73 -20.33 1.06 0.67 59.1 13303.15 12836081.37 9.121735197553198e-05 10.08 0.0
GM2 1.0 365 2 442472.89 -49.03 18.08 -15.33 0.38 0.37 54.46 19607.42 10309996.39 1.2632501919716918e-05 13.94 0.0
GM2 1.0 366 3 591123.09 -53.59 18.51 -14.98 0.59 0.5 58.64 19114.85 10090104.03 1.3280534982264414e-05 8.46 0.0
GM2 1.0 367 3 529580.28 -56.06 19.7 -14.06 0.76 0.6 61.06 24771.65 7920592.72 3.027420413174522e-06 13.82 0.0
GM2 1.0 368 5 1094827.14 -66.73 17.77 -16.33 1.07 0.55 70.96 14961.19 8945545.89 2.300492629697693e-05 10.86 0.0
GM2 1.0 369 2 424580.91 -64.87 20.92 -15.41 0.22 0.22 69.88 15084.66 11585961.84 4.2989383123654476e-05 5.86 0.0
GM2 1.0 370 2 426581.79 -58.49 26.97 -12.82 0.39 0.39 65.67 12003.05 14554000.07 0.00020042656642553288 3.85 0.0
GM2 1.0 371 10 2085204.0 -59.82 26.56 -8.22 1.09 0.82 65.96 11783.14 17449167.11 0.0005169255181673687 16.7 0.0
GM2 1.0 372 2 392735.27 -51.99 29.01 -7.25 0.16 0.14 59.98 14367.05 11513806.1 5.0089986179486497e-05 8.36 0.0
GM2 1.0 373 3 589174.86 -53.16 34.9 -6.65 0.59 0.4 63.94 15052.69 10199742.72 3.319872817689131e-05 5.16 0.0
GM2 1.0 374 4 800965.69 -54.98 35.75 -4.59 0.81 0.59 65.74 15814.79 9062487.84 1.8928347724254107e-05 5.58 0.0
GM2 1.0 375 2 434724.32 -53.23 32.46 -5.27 0.32 0.31 62.57 12135.78 14698168.55 0.00019470759903294325 6.94 0.0
GM2 1.0 376 3 594603.61 -57.93 24.83 -11.32 0.64 0.46 64.03 12303.22 16177256.97 0.00024765078540306304 12.08 0.0
GM2 1.0 377 3 642793.04 -62.52 22.88 -9.99 0.64 0.49 67.33 23745.39 8691177.44 4.083804536458733e-06 8.23 0.0
GM2 1.0 378 7 1301972.33 -38.65 25.09 -21.95 1.18 0.78 51.04 13443.17 14375972.94 0.0001356458709550069 12.21 0.0
GM2 1.0 379 5 1035499.7 -38.06 25.79 -19.73 1.0 0.67 50.03 12496.56 17640688.48 0.0003550097120682587 11.61 0.0
GM2 1.0 380 4 730504.91 -37.95 27.43 -19.68 0.72 0.52 50.79 13355.04 15522161.43 0.00018395453466277326 12.15 0.0
GM2 1.0 381 6 1209676.86 -40.71 27.5 -19.57 1.43 0.99 52.88 14337.59 12065754.53 6.629177012625089e-05 12.54 0.0
GM2 1.0 382 9 1805246.17 -43.69 24.32 -18.83 1.23 0.83 53.43 12874.71 16939016.1 0.00028998030333086787 12.36 0.0
GM2 1.0 383 6 1189407.51 -46.08 25.26 -18.34 1.82 1.14 55.66 13007.94 14029494.22 0.00017402222752376732 13.55 0.0
GM2 1.0 384 2 431657.73 -44.02 26.19 -19.18 0.15 0.14 54.7 12021.53 15936754.02 0.00026006541750770145 4.71 0.0
GM2 1.0 385 2 307822.61 -44.02 27.17 -17.85 0.69 0.5 54.72 22651.32 16948865.26 2.355974007901122e-05 12.8 0.0
GM2 1.0 386 2 375267.0 -36.19 22.69 -23.65 0.08 0.06 48.83 13634.41 17511118.28 0.0002185970207125774 11.27 0.0
GM2 1.0 387 2 353098.24 -34.76 27.26 -18.49 0.32 0.3 47.89 13504.96 17052948.37 0.0002146720118515384 10.29 0.0
GM2 1.0 388 2 313102.48 -39.9 27.08 -21.87 0.2 0.2 52.95 17283.96 10692025.3 2.1795347392360596e-05 2.62 0.0
GM2 1.0 389 2 265965.08 -40.21 22.89 -19.86 0.52 0.41 50.35 16592.5 12845742.72 4.075103701924213e-05 18.12 0.0
GM2 1.0 390 2 411333.67 -65.85 25.41 -17.88 0.32 0.27 72.81 18626.08 6617554.57 5.8703818510551224e-06 6.43 0.0
GM2 1.0 391 2 477267.78 -56.53 31.58 -20.53 0.29 0.28 67.93 25182.01 4501677.88 8.965288678633902e-07 2.57 0.0
GM2 1.0 392 21 4057536.42 -28.8 28.4 -10.01 1.73 1.0 41.67 12741.54 31575666.42 0.002157406257190158 24.39 0.0
GM2 1.0 393 16 3193991.81 -25.91 27.64 -11.58 1.7 1.01 39.62 11068.36 27354717.97 0.002087910293822542 14.84 0.0
GM2 1.0 394 3 658582.36 -30.39 32.85 0.61 0.69 0.49 44.76 35173.4 16649120.23 7.498998661121342e-06 10.37 0.0
GM2 1.0 395 30 6004201.07 -28.81 37.61 -4.87 2.77 1.68 47.63 12103.9 18942489.85 0.0005971412833353717 16.17 0.0
GM2 1.0 396 10 2032111.98 -27.34 44.06 -2.11 1.31 0.73 51.9 13343.25 16747361.86 0.00027465303382350994 15.96 0.0
GM2 1.0 397 5 895896.45 -26.61 31.04 -11.95 1.25 0.81 42.6 15983.99 13076770.04 5.0420023134533455e-05 21.71 0.0
GM2 1.0 398 2 439645.68 -29.04 33.07 -6.05 0.2 0.19 44.42 15837.62 12875504.39 4.8446014408248185e-05 5.52 0.0
GM2 1.0 399 5 1103505.07 -27.88 33.64 -6.06 0.4 0.32 44.11 15820.13 13785242.91 5.867942905991099e-05 13.91 0.0
GM2 1.0 400 11 2263924.07 -30.64 30.42 -10.78 0.82 0.45 44.5 10654.69 29781101.77 0.00283967055549627 12.05 0.0
GM2 1.0 401 4 777078.03 -25.22 40.18 -9.97 0.84 0.55 48.47 16796.65 12491687.18 4.18756139095644e-05 18.08 0.0
GM2 1.0 402 3 529891.73 -26.97 40.69 -10.46 0.95 0.68 49.93 16910.7 11810510.47 3.062404212046075e-05 32.39 0.0
GM2 1.0 403 20 4253410.91 -23.97 29.78 -12.5 1.34 0.61 40.21 9258.11 43648076.65 0.011584170312169505 11.67 0.0
GM2 1.0 404 4 591535.07 -23.32 40.51 -4.62 1.07 0.6 46.97 23545.96 14421906.87 1.2759375996346933e-05 27.16 0.0
GM2 1.0 405 6 1231543.63 -22.61 50.57 -4.05 0.52 0.26 55.54 16731.97 10817852.48 2.4473502733495832e-05 7.7 0.0
GM2 1.0 406 2 447082.32 -24.0 51.8 -1.2 0.39 0.38 57.1 60721.25 18031829.01 6.633735518436736e-08 5.14 0.0
GM2 1.0 407 11 2240600.03 -24.82 42.11 4.93 0.59 0.43 49.13 11769.29 20310844.26 0.000695363021807519 13.45 0.0
GM2 1.0 408 53 10745084.9 -22.42 34.83 -7.49 3.91 2.04 42.09 10346.23 33254229.31 0.005731851378752559 29.31 0.0
GM2 1.0 409 16 3179675.43 -21.97 39.67 2.67 1.08 0.73 45.43 13241.25 21217653.41 0.0005017175584464455 17.81 0.0
GM2 1.0 410 46 8939936.09 -27.41 30.29 -17.83 2.72 1.45 44.58 10399.12 39981576.42 0.008545930644921505 25.7 0.0
GM2 1.0 411 9 1754420.25 -28.12 33.33 -17.56 1.73 0.92 47.0 12446.61 19065166.19 0.0005184664440667941 17.84 0.0
GM2 1.0 412 5 1054385.29 -26.57 31.71 -22.86 1.53 0.98 47.27 19116.24 13211685.97 2.61054220375928e-05 22.99 0.0
GM2 1.0 413 2 470138.63 -31.14 29.0 -18.47 0.11 0.1 46.39 14243.57 18404469.86 0.00021190975711112123 12.47 0.0
GM2 1.0 414 2 424325.57 -30.62 34.4 -14.39 0.27 0.27 48.25 12338.71 20650478.17 0.0006101458159120152 6.18 0.0
GM2 1.0 415 2 369907.6 -45.56 47.97 -4.44 0.55 0.48 66.31 23532.94 6422545.82 2.574902992447527e-06 10.52 0.0
GM2 1.0 416 4 766534.35 -48.38 44.45 -7.01 0.48 0.38 66.07 14948.18 10350249.5 3.377890358477097e-05 5.62 0.0
GM2 1.0 417 2 305351.19 -45.16 44.84 -5.06 0.62 0.44 63.84 18261.94 8180223.17 1.0011581108690396e-05 15.24 0.0
GM2 1.0 418 2 449311.33 -48.86 45.45 -6.28 0.15 0.14 67.02 15332.49 10170826.53 2.8990947438316046e-05 3.52 0.0
GM2 1.0 419 3 533858.9 -35.21 36.95 4.38 0.76 0.61 51.23 57194.42 19010811.79 1.1634180881298613e-07 12.16 0.0
GM2 1.0 420 3 703338.46 -53.06 43.06 -5.78 0.8 0.57 68.58 17250.76 6792751.5 7.780541984565502e-06 9.48 0.0
GM2 1.0 421 2 383023.98 -40.22 56.76 -0.13 0.55 0.49 69.57 61861.74 14743152.15 4.9333801854517724e-08 1.86 0.0
GM2 1.0 422 2 453671.01 -35.62 48.0 -1.28 0.19 0.19 59.79 20243.25 8052938.3 6.565983694270544e-06 3.23 0.0
GM2 1.0 423 2 330735.36 -37.56 41.84 23.23 0.39 0.3 60.84 60248.68 15544294.52 5.962216672689933e-08 5.91 0.0
GM2 1.0 424 7 1397575.47 -32.9 40.97 -0.77 1.01 0.55 52.55 15190.24 12022619.71 4.8777908217562094e-05 12.25 0.0
GM2 1.0 425 3 649362.61 -38.47 40.66 10.08 0.63 0.43 56.87 31881.29 12632171.18 4.4490028784332545e-06 15.28 0.0
GM2 1.0 426 5 988990.14 -34.24 43.16 -7.4 0.43 0.33 55.59 16756.27 10712347.9 2.4025592280509737e-05 10.87 0.0
GM2 1.0 427 3 636252.41 -35.79 49.87 -6.31 0.36 0.27 61.71 20321.29 6568520.88 4.144200497726172e-06 5.47 0.0
GM2 1.0 428 3 530283.15 -56.31 37.24 -3.48 0.61 0.51 67.6 16816.77 9096016.26 1.587453488188372e-05 16.96 0.0
GM2 1.0 429 2 376975.68 -56.01 46.27 26.39 0.44 0.38 77.3 48335.02 10549668.06 2.0705990172994109e-07 7.18 0.0
GM2 1.0 430 2 447472.79 -54.97 48.0 26.08 0.32 0.31 77.5 51682.1 10387049.2 8.454014798551035e-08 1.66 0.0
GM2 1.0 431 6 1293784.44 -52.59 39.91 1.15 0.99 0.75 66.03 16590.12 9071527.36 1.68679170137611e-05 10.38 0.0
GM2 1.0 432 15 2971125.27 -33.61 50.66 -13.07 1.56 0.87 62.18 15618.89 13055210.29 5.789331074647079e-05 16.58 0.0
GM2 1.0 433 7 1446432.95 -34.74 33.5 -13.08 1.45 0.82 50.0 13536.46 15103918.29 0.00016881016232350314 24.33 0.0
GM2 1.0 434 2 328503.97 -33.61 38.26 -13.01 0.4 0.28 52.56 16460.45 13894976.2 5.513834253441496e-05 8.48 0.0
GM2 1.0 435 12 2214998.32 -34.31 39.82 -12.42 1.45 0.91 54.01 14292.5 15485607.96 0.00012934678990651288 20.77 0.0
GM2 1.0 436 3 541561.38 -33.72 37.18 -9.77 0.69 0.46 51.14 18594.56 12529801.63 2.4488391903382596e-05 15.71 0.0
GM2 1.0 437 2 383153.92 -36.24 38.8 -8.28 0.02 0.02 53.73 20458.79 11197396.23 1.2674595260092639e-05 1.62 0.0
GM2 1.0 438 10 2000067.47 -40.23 38.2 -10.04 1.66 0.96 56.38 15353.83 13123879.81 5.9109937653267475e-05 13.79 0.0
GM2 1.0 439 6 1240879.06 -43.18 35.64 -5.86 1.31 0.76 56.3 22001.99 14560761.8 2.357002865292285e-05 14.99 0.0
GM2 1.0 440 4 668662.26 -41.9 39.23 -4.51 1.08 0.69 57.57 28514.42 14847015.7 9.829807780329876e-06 11.09 0.0
GM2 1.0 441 2 370496.25 -40.5 39.78 -4.01 0.2 0.17 56.91 19829.97 9814784.79 1.0855881571977262e-05 6.44 0.0
GM2 1.0 442 5 1019671.0 -37.32 36.13 -7.02 0.98 0.63 52.42 16562.28 12870703.9 4.489432152810573e-05 15.07 0.0
GM2 1.0 443 6 1050876.66 -40.3 33.81 -12.9 0.78 0.59 54.16 14279.23 13123129.56 8.39793315369866e-05 11.24 0.0
GM2 1.0 444 4 813787.57 -41.13 34.47 -7.55 0.8 0.55 54.2 17380.58 10487580.9 2.1662811310796828e-05 12.38 0.0
GM2 1.0 445 11 2342558.51 -38.83 32.0 -13.13 1.1 0.64 52.0 11695.59 20894411.82 0.0007875489164500908 11.24 0.0
GM2 1.0 446 2 435397.63 -42.41 48.75 -14.47 0.41 0.4 66.21 43591.44 17938910.92 2.4639894343462235e-06 5.92 0.0
GM2 1.0 447 2 390054.15 -43.15 40.48 -17.3 0.46 0.41 61.64 65026.03 17080820.15 4.542510351675933e-08 7.55 0.0
GM2 1.0 448 3 600827.64 -36.01 42.11 -15.09 0.43 0.35 57.43 19960.79 8097036.65 7.1854886462606945e-06 16.37 0.0
GM2 1.0 449 2 365126.19 -35.71 41.11 -13.4 0.5 0.43 56.07 16749.51 10279668.85 2.1691636316348465e-05 13.01 0.0
GM2 1.0 450 3 606713.36 -33.05 37.09 -23.37 0.31 0.28 54.9 18135.06 8078286.74 9.691765459557871e-06 11.09 0.0
GM2 1.0 451 6 1335105.83 -44.3 42.82 -5.03 1.15 0.61 61.81 15525.36 9321040.76 2.2574000991540106e-05 10.89 0.0
GM2 1.0 452 11 2133147.51 -37.11 31.54 -15.33 1.56 1.1 51.06 13878.9 16416942.86 0.0002066468003683962 17.96 0.0
GM2 1.0 453 9 1850514.41 -35.14 31.08 -19.07 1.34 0.89 50.64 13056.67 15247994.43 0.0001833139367871677 17.56 0.0
GM2 1.0 454 3 600256.85 -37.5 31.24 -17.31 0.67 0.52 51.79 13930.18 13820375.19 0.00010610699612180798 18.4 0.0
GM2 1.0 455 2 393752.05 -42.4 40.15 -9.2 0.53 0.47 59.12 15655.38 10216229.45 2.7495545512162616e-05 14.16 0.0
GM2 1.0 456 2 425190.58 -52.62 41.37 -7.29 0.47 0.47 67.33 16666.62 7299659.97 1.0268780586418232e-05 11.34 0.0
GM2 1.0 457 2 429855.11 -48.38 46.36 -8.44 0.4 0.4 67.54 18668.36 7674772.38 8.622800330172511e-06 8.28 0.0
GM2 1.0 458 4 704329.06 -44.11 43.0 -9.47 0.81 0.48 62.32 19356.11 9328298.37 1.1261214542755385e-05 7.11 0.0
GM2 1.0 459 2 441188.42 -61.63 41.83 -7.91 0.42 0.41 74.9 17914.35 7297700.76 8.4190645413649e-06 1.6 0.0
GM2 1.0 460 2 331153.41 -81.86 41.17 -10.17 0.5 0.47 92.2 32719.53 5431825.45 4.379311147136759e-07 17.42 0.0
GM2 1.0 461 3 593981.27 -78.64 40.36 -8.82 0.85 0.6 88.83 17324.25 6168530.71 6.213117710399127e-06 13.96 0.0
GM2 1.0 462 2 448278.37 -68.6 41.4 -14.45 0.26 0.25 81.42 35888.45 4457253.74 1.9241419902253695e-07 2.28 0.0
GM2 1.0 463 26 4728766.9 -22.14 33.54 -41.14 2.99 1.27 57.51 12190.4 23640404.23 0.0013139165220968601 25.9 0.0
GM2 1.0 464 4 921291.43 -21.57 37.63 -39.92 1.05 0.72 58.95 15803.68 12012906.04 4.254088514230505e-05 22.08 0.0
GM2 1.0 465 2 490871.2 -22.04 41.46 -36.66 0.47 0.43 59.57 17762.49 9790707.73 1.6288748054223776e-05 16.43 0.0
GM2 1.0 466 8 1529919.79 -23.3 41.0 -34.39 1.22 0.75 58.36 18977.91 18068696.08 7.784443595190876e-05 22.91 0.0
GM2 1.0 467 10 1562505.02 -23.29 22.22 -41.94 1.31 0.77 52.87 12967.91 18330963.17 0.0004186776700736825 21.56 0.0
GM2 1.0 468 9 1973461.74 -20.29 23.98 -43.27 1.55 1.05 53.48 17048.33 27926648.28 0.000706761619816405 19.01 0.0
GM2 1.0 469 3 665875.39 -21.25 20.73 -35.28 0.52 0.38 46.11 11721.35 32220472.41 0.002550562560584287 30.58 0.0
GM2 1.0 470 5 986084.31 -21.36 28.59 -33.25 0.91 0.76 48.77 13689.59 18058046.11 0.0002587418140650551 26.57 0.0
GM2 1.0 471 4 879464.07 -21.63 36.7 -36.97 0.66 0.51 56.4 29267.24 22606442.69 3.292925990551169e-05 16.25 0.0
GM2 1.0 472 2 450079.05 -28.16 44.25 1.19 0.46 0.45 52.46 17153.18 13339880.27 5.333166239497673e-05 16.69 0.0
GM2 1.0 473 6 1179658.13 -31.26 48.6 0.25 1.15 0.81 57.78 24467.1 13217651.58 1.1829003797458092e-05 19.65 0.0
GM2 1.0 474 7 1219504.92 -35.26 30.15 -24.34 1.39 0.76 52.39 20613.48 13042167.0 2.9257797168371866e-05 19.59 0.0
GM2 1.0 475 2 399738.35 -31.39 30.05 -23.64 0.16 0.14 49.47 17310.38 12717642.68 3.402629747520124e-05 17.05 0.0
GM2 1.0 476 4 975374.13 -30.5 28.59 -23.38 0.79 0.6 47.89 16385.68 15395240.17 7.144183363993856e-05 22.93 0.0
GM2 1.0 477 2 398767.22 -29.13 39.51 -18.97 0.37 0.33 52.62 37506.54 16102223.17 1.4166465121674907e-06 10.81 0.0
GM2 1.0 478 3 495416.62 -26.03 33.98 -23.51 0.78 0.55 48.84 22779.79 9145498.92 5.5223847839985166e-06 27.71 0.0
GM2 1.0 479 3 642643.81 -24.53 38.48 -13.59 0.78 0.64 47.61 15393.19 11771306.56 4.902478491616716e-05 13.27 0.0
GM2 1.0 480 13 2593242.82 -28.04 42.68 -0.03 1.03 0.75 51.07 11932.45 20322954.55 0.0006651381840210847 13.79 0.0
GM2 1.0 481 2 328532.92 -28.63 46.36 15.12 0.48 0.47 56.55 18099.21 7912768.29 9.268150693795226e-06 11.04 0.0
GM2 1.0 482 2 436487.29 -24.67 39.91 -11.46 0.11 0.11 48.3 16336.59 11925452.44 3.526478757031477e-05 1.6 0.0
GM2 1.0 483 4 802711.28 -31.28 42.93 -7.65 0.81 0.55 53.66 15840.25 9932284.72 2.469886567742497e-05 10.74 0.0
GM2 1.0 484 2 440692.62 -52.23 26.39 -28.77 0.44 0.43 65.21 15473.95 6180002.16 8.711992770110948e-06 10.91 0.0
GM2 1.0 485 5 1011389.12 -49.12 27.13 -29.41 1.39 0.81 63.35 15680.39 6343492.83 9.641047232688287e-06 8.14 0.0
GM2 1.0 486 4 865214.41 -54.58 26.27 -28.17 1.1 0.75 66.8 15888.18 6083774.91 7.794123045773393e-06 9.38 0.0
GM2 1.0 487 2 429419.68 -58.66 25.11 -25.83 0.5 0.49 68.84 22377.56 4738515.96 1.5105447407848547e-06 4.41 0.0
GM2 1.0 488 2 409031.91 -44.7 25.02 -27.17 0.44 0.35 57.99 16285.85 7852947.21 1.3450566307367807e-05 7.12 0.0
GM2 1.0 489 3 532360.09 -46.05 23.87 -27.18 0.74 0.59 58.56 17908.63 11213866.37 2.5050219284907228e-05 12.13 0.0
GM2 1.0 490 4 635520.64 -38.2 24.25 -24.18 0.85 0.68 51.3 14620.81 11643504.58 5.351846282066243e-05 16.03 0.0
GM2 1.0 491 2 425626.0 -45.84 23.78 -28.93 0.36 0.36 59.19 13063.31 11493590.88 7.296149256118944e-05 1.55 0.0
GM2 1.0 492 2 425870.91 -52.61 23.66 -31.79 0.43 0.43 65.87 14598.57 5766889.91 8.808621971460928e-06 3.03 0.0
GM2 1.0 493 4 755218.88 -34.98 24.43 -30.29 0.51 0.41 52.32 16297.08 13989325.52 5.548623419566648e-05 18.34 0.0
GM2 1.0 494 2 375965.69 -38.85 27.62 -28.0 0.32 0.27 55.29 22204.98 5470799.89 2.1396185582303654e-06 4.13 0.0
GM2 1.0 495 2 347709.68 -34.95 42.14 -31.24 0.26 0.25 63.04 57242.5 10685109.8 5.1160097667226624e-08 1.73 0.0
GM2 1.0 496 6 1131257.33 -35.66 24.26 -27.79 1.41 0.78 51.31 15529.4 13887401.87 7.733880193780453e-05 16.51 0.0
GM2 1.0 497 2 442276.49 -48.37 25.0 -30.28 0.46 0.45 62.3 14965.91 7428252.47 1.4468498076560288e-05 8.43 0.0
GM2 1.0 498 4 709719.72 -36.61 23.08 -25.52 0.83 0.53 50.24 12957.79 14527820.41 0.00015285574493641092 23.23 0.0
GM2 1.0 499 16 3345202.57 -44.4 22.11 -29.93 1.99 1.08 57.93 11709.77 15880791.52 0.0004060605793801106 10.21 0.0
GM2 1.0 500 6 1009668.17 -45.74 22.0 -27.92 1.22 0.73 57.93 13337.74 12298250.84 0.00011413289648971848 10.86 0.0
GM2 1.0 501 2 373347.04 -54.17 22.11 -31.91 0.56 0.49 66.64 19030.89 5597994.48 3.7696846070003755e-06 5.3 0.0
GM2 1.0 502 4 718337.33 -35.38 22.75 -27.43 0.57 0.41 50.22 12800.67 16216535.33 0.0002209548076972058 5.17 0.0
GM2 1.0 503 2 426189.8 -66.33 22.18 -24.26 0.41 0.41 74.02 17958.64 5423101.09 4.11156574854712e-06 4.76 0.0
GM2 1.0 504 2 444494.97 -53.7 21.48 -24.79 0.35 0.33 62.92 14867.56 11217205.33 5.9019184004765016e-05 1.3 0.0
GM2 1.0 505 28 5580316.68 -51.25 20.2 -25.35 2.46 1.5 60.64 11059.11 20685797.93 0.0010037302554087365 15.02 0.0
GM2 1.0 506 3 647022.53 -38.15 18.4 -25.9 0.39 0.36 49.64 11523.82 22955523.75 0.001024277439953061 18.58 0.0
GM2 1.0 507 14 2659720.79 -36.99 22.1 -32.55 2.04 1.08 54.0 12115.1 15983527.47 0.00032940842649937184 12.99 0.0
GM2 1.0 508 4 833625.41 -19.82 30.57 -21.88 0.65 0.48 42.5 12377.19 24308498.3 0.0009881943022033613 24.04 0.0
GM2 1.0 509 2 436459.07 -17.98 29.15 -5.54 0.21 0.21 34.69 13367.93 20835506.71 0.00045914994901144674 6.92 0.0
GM2 1.0 510 3 652614.0 -17.37 58.28 -2.87 0.47 0.44 60.88 18623.69 10828715.43 1.7258311446018267e-05 6.92 0.0
GM2 1.0 511 5 816145.71 -19.35 36.01 -15.13 1.1 0.7 43.59 14736.31 14095124.22 9.877494113398465e-05 18.72 0.0
GM2 1.0 512 2 450824.82 -22.05 38.32 -9.19 0.38 0.36 45.16 17877.07 14444272.46 4.344307758242396e-05 31.29 0.0
GM2 1.0 513 18 3426395.28 -20.88 40.88 -5.32 1.97 0.78 46.21 11626.44 23102504.81 0.0012553080271105095 19.43 0.0
GM2 1.0 514 17 3472293.9 -22.62 16.69 2.1 0.8 0.55 28.19 11229.38 29808359.51 0.002267153340436124 12.09 0.0
GM2 1.0 515 2 369572.91 -21.42 30.83 -22.96 0.18 0.15 44.0 17187.34 18471050.44 0.00010027046746551226 23.75 0.0
GM2 1.0 516 2 389099.2 -22.39 32.41 -19.72 0.33 0.28 44.05 45726.71 39752437.62 1.5062706836722925e-05 15.0 0.0
GM2 1.0 517 4 749251.69 -13.03 20.65 31.18 0.67 0.49 39.61 19403.96 11656013.05 1.7153959227728423e-05 9.01 0.0
GM2 1.0 518 3 593915.35 -26.77 45.17 5.18 0.48 0.43 52.76 34838.05 21977500.28 1.368253047548163e-05 29.22 0.0
GM2 1.0 519 2 376714.91 -29.86 38.28 -1.18 0.5 0.44 48.56 16517.49 10767872.35 2.5639461345418427e-05 14.41 0.0
GM2 1.0 520 3 553546.21 -32.51 41.33 2.86 0.28 0.25 52.67 19082.72 10989182.15 1.6341801932425252e-05 7.15 0.0
GM2 1.0 521 3 587663.86 -30.32 39.4 -0.15 0.52 0.43 49.72 16594.15 10732912.75 2.507673566142309e-05 13.65 0.0
GM2 1.0 522 3 585847.64 -31.02 6.04 -34.72 0.49 0.35 46.95 19241.5 12150743.28 1.983559400799945e-05 22.76 0.0
GM2 1.0 523 2 369865.99 -40.72 11.09 -33.33 0.22 0.19 53.77 14051.48 13908538.6 9.348440378390424e-05 2.08 0.0
GM2 1.0 524 2 330474.06 -30.46 10.29 -39.79 0.24 0.23 51.16 11911.2 16357614.74 0.0003045871007232689 15.99 0.0
GM2 1.0 525 2 185507.04 -30.4 10.85 -42.57 0.38 0.37 53.42 16422.33 11329460.82 3.141872666215188e-05 16.23 0.0
GM2 1.0 526 4 825094.11 -28.45 9.2 -30.0 0.42 0.39 42.36 18347.39 20808556.44 9.697624183489894e-05 22.57 0.0
GM2 1.0 527 2 426574.33 -31.0 7.69 -33.25 0.22 0.22 46.11 19168.58 14307805.3 3.051346606198391e-05 8.49 0.0
GM2 1.0 528 2 438296.92 -27.89 6.94 -31.99 0.39 0.38 43.0 15864.72 16352819.03 9.53116980124904e-05 7.68 0.0
GM2 1.0 529 3 582900.77 -33.85 10.8 -33.01 0.74 0.52 48.51 13192.7 16703359.51 0.00025880718245142734 21.18 0.0
GM2 1.0 530 2 446003.42 -29.86 7.92 -29.92 0.22 0.21 43.0 17540.52 11961299.91 2.685802636669664e-05 14.8 0.0
GM2 1.0 531 2 195040.59 -33.84 7.94 -30.68 0.25 0.24 46.36 17228.28 9865692.91 1.7742069499217522e-05 13.7 0.0
GM2 1.0 532 2 313047.09 -35.69 7.21 -31.53 0.26 0.26 48.17 36198.87 21159889.6 5.256799481731624e-06 25.66 0.0
GM2 1.0 533 10 1925819.38 -26.93 8.97 -47.47 1.68 0.85 55.31 12295.64 21124389.71 0.0008047099270797386 36.52 0.0
GM2 1.0 534 2 471430.06 -35.57 13.28 -42.93 0.52 0.47 57.32 32719.11 8465827.85 9.655948754941758e-07 8.96 0.0
GM2 1.0 535 2 379447.2 -40.73 13.44 -35.86 0.36 0.33 55.91 18588.14 7585249.12 7.623605397030718e-06 13.99 0.0
GM2 1.0 536 3 606723.52 -38.26 11.76 -27.44 0.67 0.45 48.53 14706.66 14686995.27 0.0001085137790283892 21.07 0.0
GM2 1.0 537 6 1255402.96 -33.31 15.72 -18.03 1.0 0.62 41.01 12838.46 19719702.58 0.0005160166547097611 19.24 0.0
GM2 1.0 538 2 369583.74 -25.42 15.47 -21.34 0.57 0.49 36.62 32531.37 37063880.45 5.6518399567683516e-05 13.77 0.0
GM2 1.0 539 2 425652.31 -35.14 15.14 -14.11 0.42 0.42 40.79 63116.33 29066775.85 9.90022902464854e-08 15.93 0.0
GM2 1.0 540 12 2265416.71 -34.66 16.07 -19.88 1.35 0.84 43.07 11278.58 22424747.69 0.0010725633410923294 17.15 0.0
GM2 1.0 541 2 412381.11 -31.35 14.37 -4.12 0.33 0.28 34.74 22173.33 14319663.2 1.57367022461833e-05 13.04 0.0
GM2 1.0 542 2 443945.83 -31.72 15.88 -4.57 0.11 0.1 35.77 20898.65 12420028.06 1.4779143307606537e-05 4.21 0.0
GM2 1.0 543 3 641533.54 -42.79 14.96 -36.85 0.6 0.48 58.42 14999.32 10307959.5 3.2699009554603765e-05 13.07 0.0
GM2 1.0 544 3 650904.96 -42.7 12.86 -36.44 0.74 0.57 57.59 18538.85 8961763.64 1.1236426137402667e-05 11.37 0.0
GM2 1.0 545 20 3878989.84 -27.31 19.59 -42.45 3.35 1.77 54.15 11902.95 20258994.26 0.0006964403559623982 19.16 0.0
GM2 1.0 546 3 610306.92 -26.02 19.51 -34.17 0.64 0.44 47.18 12454.33 27333556.48 0.001312835460631334 14.86 0.0
GM2 1.0 547 2 327807.52 -28.41 18.03 -38.2 0.34 0.34 50.9 50912.29 50504178.23 1.548960158210621e-06 9.24 0.0
GM2 1.0 548 3 410720.52 -27.6 19.61 -45.64 0.71 0.46 56.83 18124.41 12050329.27 2.7281763773064398e-05 13.63 0.0
GM2 1.0 549 5 982079.4 -28.33 9.58 -49.52 1.15 0.75 57.85 16078.79 16384743.68 0.00011601305219600863 22.04 0.0
GM2 1.0 550 2 433230.36 -27.88 12.01 -50.53 0.38 0.37 58.94 17692.63 13888881.88 3.928003926073775e-05 13.08 0.0
GM2 1.0 551 2 309547.28 -28.42 3.47 -38.62 0.36 0.35 48.08 42120.35 13165073.68 1.103888963200175e-06 9.03 0.0
GM2 1.0 552 2 380546.05 -36.27 16.68 -21.96 0.53 0.46 45.56 14197.11 17704133.12 0.0003162768832807579 23.0 0.0
GM2 1.0 553 3 655304.37 -45.54 17.06 -35.73 0.63 0.53 60.34 14074.6 9886612.71 3.805874357127219e-05 10.86 0.0
GM2 1.0 554 2 378908.73 -34.24 7.73 -32.22 0.46 0.39 47.64 18538.97 11955375.33 2.208535168451977e-05 8.44 0.0
GM2 1.0 555 2 385044.58 -29.47 9.83 -43.01 0.18 0.16 53.05 20212.92 16338440.26 3.436651001880641e-05 15.55 0.0
GM2 1.0 556 7 1284548.65 -29.54 14.26 -43.23 0.79 0.55 54.26 11410.1 19361153.07 0.0006919474926353805 14.74 0.0
GM2 1.0 557 4 818372.8 -27.08 15.62 -46.28 1.16 0.78 55.84 29716.16 30969912.67 0.00010769214349723704 35.32 0.0
GM2 1.0 558 3 532010.64 -43.49 14.51 -35.14 0.77 0.49 57.76 13054.85 11960280.54 8.36489742430054e-05 16.19 0.0
GM2 1.0 559 2 427025.38 -30.99 14.81 -24.13 0.06 0.06 41.97 12853.39 19178883.89 0.0003809707168192879 4.48 0.0
GM2 1.0 560 2 371205.51 -53.93 15.23 -23.48 0.22 0.19 60.76 18130.39 7240351.25 7.516370108580278e-06 7.83 0.0
GM2 1.0 561 3 595225.1 -62.77 18.22 -25.65 0.66 0.56 70.21 15741.75 7612555.33 1.3287761221712615e-05 6.39 0.0
GM2 1.0 562 2 325847.51 -45.79 18.23 -24.46 0.4 0.39 55.02 14498.44 11242370.81 5.09701100081083e-05 12.26 0.0
GM2 1.0 563 2 428285.76 -64.07 20.06 -23.69 0.43 0.43 71.19 15749.35 9149706.67 2.0284441903783288e-05 12.08 0.0
GM2 1.0 564 2 265692.28 -60.0 21.86 -27.68 0.31 0.27 69.6 22311.8 4524741.3 1.386107125340588e-06 4.93 0.0
GM2 1.0 565 2 428884.88 -51.15 18.14 -32.27 0.04 0.04 63.14 16639.74 6544676.71 7.853206884387987e-06 2.17 0.0
GM2 1.0 566 3 668815.03 -43.91 19.72 -32.15 0.32 0.31 57.89 14381.38 10186607.25 3.594587681574215e-05 6.27 0.0
GM2 1.0 567 3 657433.27 -35.81 18.95 -39.46 0.85 0.58 56.56 18876.06 10255843.79 2.631364456695725e-05 8.26 0.0
GM2 1.0 568 4 873164.17 -33.91 17.4 -35.32 0.48 0.43 51.96 12338.58 18292903.9 0.0004631997840988779 11.46 0.0
GM2 1.0 569 4 853515.4 -43.4 17.39 -32.13 1.1 0.77 56.73 12151.47 14093702.27 0.0001750780014993124 12.75 0.0
GM2 1.0 570 3 596421.18 -47.4 17.09 -31.93 0.56 0.48 59.65 12662.05 14200767.03 0.00015369724210113008 7.62 0.0
GM2 1.0 571 3 636267.66 -63.48 17.87 -29.84 0.72 0.5 72.39 13721.62 10098856.22 4.148239401963038e-05 5.6 0.0
GM2 1.0 572 9 1858934.81 -60.54 17.44 -28.6 1.62 0.94 69.19 13734.27 12239325.97 8.083995061776242e-05 14.3 0.0
GM2 1.0 573 2 402304.85 -65.46 16.49 -29.63 0.22 0.2 73.72 16696.23 7148961.97 9.631649957811216e-06 1.98 0.0
GM2 1.0 574 3 582723.33 -31.24 18.7 -42.22 0.77 0.58 55.76 14383.95 14214416.44 0.00010025868309029575 7.03 0.0
GM2 1.0 575 5 925111.11 -21.72 31.87 -24.1 1.04 0.58 45.48 13899.18 18144823.99 0.00026227376677962296 19.1 0.0
GM2 1.0 576 3 670855.87 -22.5 34.08 -10.95 0.72 0.52 42.28 12684.2 19643856.98 0.0005100559153749009 24.43 0.0
GM2 1.0 577 3 686115.86 -16.47 30.34 -22.22 0.25 0.17 41.06 12064.72 37589649.59 0.003429838689278029 11.57 0.0
GM2 1.0 578 2 387163.6 -19.13 37.94 -22.16 0.08 0.07 47.92 13381.58 16773520.92 0.000203378087508125 6.28 0.0
GM2 1.0 579 7 1297490.99 -22.32 19.99 -2.96 1.32 0.77 30.11 18294.91 17008886.9 6.578952754761886e-05 29.9 0.0
GM2 1.0 580 2 395819.12 -22.56 11.6 -23.46 0.35 0.32 34.55 18568.56 15760697.37 4.600222922383415e-05 5.85 0.0
GM2 1.0 581 3 686178.53 -23.42 40.19 -22.52 0.48 0.33 51.68 28642.07 10368184.23 3.7456957198779253e-06 5.35 0.0
GM2 1.0 582 2 424920.82 -3.99 0.15 41.63 0.03 0.03 41.82 18230.84 6692348.27 6.266215766291311e-06 0.69 0.0
GM2 1.0 583 12 2545020.59 -14.26 -6.72 62.28 0.07 0.04 64.24 17079.16 13571705.64 4.0995808395117634e-05 0.77 0.0
GM2 1.0 584 14 2596622.81 -22.26 34.25 -26.37 1.56 0.9 48.61 11966.77 20723701.12 0.0007852089032412106 23.16 0.0
GM2 1.0 585 16 3040177.76 -21.46 39.06 -30.96 1.75 0.97 54.27 12397.76 19907383.28 0.000563123753795735 16.46 0.0
GM2 1.0 586 9 1632523.23 -22.49 42.01 -28.78 1.36 0.76 55.67 12591.76 15279914.96 0.00025801579845702234 17.15 0.0
GM2 1.0 587 19 3837063.17 -23.75 34.17 -31.55 1.64 1.08 52.22 12029.47 21033385.47 0.0008557608264623112 18.99 0.0
GM2 1.0 588 2 436374.72 -22.67 29.78 -31.07 0.23 0.23 48.64 15176.66 13131511.37 6.30971965792319e-05 21.61 0.0
GM2 1.0 589 2 465935.49 -21.38 33.56 -29.09 0.48 0.47 49.29 16928.76 14447521.39 5.4345905994657744e-05 13.83 0.0
GM2 1.0 590 5 1071072.05 -22.65 26.16 -30.76 1.2 0.72 46.3 14405.8 20643679.34 0.0003739738186808663 21.76 0.0
GM2 1.0 591 2 338979.37 -30.66 17.74 -43.52 0.45 0.41 56.11 18982.41 11955116.36 1.9924430510570807e-05 8.14 0.0
GM2 1.0 592 2 440929.74 -34.72 16.72 -41.98 0.05 0.05 56.99 20673.49 7334947.1 4.973159519898369e-06 2.24 0.0
GM2 1.0 593 2 459763.35 -29.44 7.57 -44.55 0.28 0.27 53.93 23366.96 13135229.61 1.1209352369730148e-05 14.02 0.0
GM2 1.0 594 15 3094055.78 -23.91 23.13 -50.15 1.86 0.84 60.18 11986.76 25405748.15 0.0013530309936174722 28.87 0.0
GM2 1.0 595 9 1647096.55 -25.09 39.33 -31.1 1.42 0.85 56.06 13018.46 15669248.36 0.00020026797672391297 20.69 0.0
GM2 1.0 596 4 862731.66 -24.89 48.17 -29.18 0.77 0.45 61.57 14229.32 14998612.91 0.00011944660261815759 10.11 0.0
GM2 1.0 597 3 543703.29 -24.43 50.0 -28.88 0.75 0.56 62.7 14890.18 13618531.32 7.673660604592334e-05 10.37 0.0
GM2 1.0 598 4 864931.55 -22.97 40.29 -28.14 0.62 0.55 54.25 12730.05 14508599.66 0.00017980961673542064 12.99 0.0
GM2 1.0 599 2 449833.36 -23.21 34.97 -17.83 0.33 0.32 45.6 58668.17 38151289.49 1.770110812978793e-07 23.18 0.0
GM2 1.0 600 4 765493.04 -22.64 42.85 -26.75 0.63 0.32 55.35 15135.94 12571707.02 5.8623556837389354e-05 14.86 0.0
GM2 1.0 601 6 1222797.92 -23.94 50.74 -29.86 0.84 0.63 63.56 14838.09 12053185.26 5.302864252097051e-05 10.76 0.0
GM2 1.0 602 2 435111.58 -25.27 26.13 -31.83 0.21 0.21 48.32 35179.54 50045362.32 0.00012802702727503467 7.03 0.0
GM2 1.0 603 2 377841.23 -25.87 27.01 -24.74 0.35 0.29 44.84 13397.63 20060393.38 0.0003819040690046696 44.81 0.0
GM2 1.0 604 2 384998.87 -24.29 25.64 -28.5 0.32 0.28 45.38 16321.36 16886617.43 0.0001033278869187034 23.14 0.0
GM2 1.0 605 2 472294.96 -23.14 25.99 -28.98 0.29 0.28 45.29 16837.03 20847751.05 0.00015536748612666882 8.51 0.0
GM2 1.0 606 2 442127.33 -24.69 20.73 -31.33 0.47 0.46 44.95 12925.49 31991268.97 0.0019522516438890665 34.11 0.0
GM2 1.0 607 3 645773.98 -20.12 37.2 -40.14 0.57 0.4 58.31 18524.74 11681504.44 2.2697932627201872e-05 33.42 0.0
GM2 1.0 608 2 357107.54 -24.09 42.28 -26.79 0.54 0.44 55.55 16590.54 9482233.79 1.9008910181671465e-05 17.68 0.0
GM2 1.0 609 2 443950.14 -23.39 35.15 -27.62 0.22 0.21 50.45 13675.31 15585093.36 0.00015025573184545782 17.86 0.0
GM2 1.0 610 2 460104.56 -23.61 29.07 -27.5 0.31 0.3 46.46 49948.24 31237732.98 5.589805779257869e-06 18.57 0.0
GM2 1.0 611 2 265319.92 -24.02 35.86 -26.08 0.45 0.37 50.43 41465.27 24873459.36 1.828493801283632e-05 13.38 0.0
GM2 1.0 612 3 533882.86 -26.69 17.76 -46.22 0.64 0.45 56.25 16088.21 13665034.75 5.4016302576256286e-05 7.05 0.0
GM2 1.0 613 2 385516.18 -25.89 21.7 -43.73 0.52 0.45 55.26 15041.09 14025967.61 8.212195252510543e-05 8.37 0.0
GM2 1.0 614 3 543273.54 -24.64 22.23 -47.11 0.27 0.25 57.62 11518.08 21688864.14 0.0009044481826088641 22.73 0.0
GM2 1.0 615 2 445101.8 -24.25 21.21 -47.91 0.45 0.44 57.73 12232.21 20330168.95 0.0005857393493462217 38.96 0.0
GM2 1.0 616 2 252630.98 -24.87 21.19 -45.87 0.43 0.34 56.31 18596.57 15894403.85 4.5540782426559335e-05 7.96 0.0
GM2 1.0 617 2 431835.74 -25.84 23.35 -51.08 0.39 0.38 61.83 17432.05 17656439.85 0.00011497122447617717 5.55 0.0
GM2 1.0 618 2 222543.83 -21.3 28.55 -30.0 0.13 0.11 46.57 19361.94 16060370.95 4.0078575531451515e-05 22.86 0.0
GM2 1.0 619 5 1017880.26 -26.0 29.76 -41.06 0.99 0.65 56.99 14773.13 14237024.77 0.00010998238937623821 30.28 0.0
GM2 1.0 620 11 2159236.51 -25.85 31.95 -49.2 1.1 0.82 64.11 13198.05 18313915.52 0.00037444369065616466 18.48 0.0
GM2 1.0 621 2 447303.22 -25.71 30.43 -42.77 0.45 0.45 58.45 13719.3 15300802.99 0.00014355738316938955 15.29 0.0
GM2 1.0 622 2 264624.5 -25.15 34.85 -41.55 0.54 0.43 59.78 20057.55 12046956.4 1.670418681976951e-05 12.21 0.0
GM2 1.0 623 3 527892.85 -24.4 30.92 -41.99 0.66 0.43 57.58 14105.98 15213908.24 0.00012406377808487672 21.18 0.0
GM2 1.0 624 2 273364.83 -23.85 28.89 -45.51 0.41 0.35 58.95 21981.57 13557364.76 1.5006196601934656e-05 16.32 0.0
GM2 1.0 625 7 972231.3 -24.59 27.12 -45.74 1.54 0.97 58.59 17094.57 12410823.78 3.396732634749019e-05 28.06 0.0
GM2 1.0 626 4 819041.2 -20.91 30.56 -46.26 0.74 0.57 59.25 16360.78 12767517.76 4.581370472011181e-05 17.16 0.0
GM2 1.0 627 2 324288.82 -21.16 29.99 -35.06 0.2 0.2 50.76 14669.67 15567825.89 0.00012083225191450629 23.46 0.0
GM2 1.0 628 4 740113.01 -23.97 38.91 -40.98 0.87 0.54 61.39 16265.82 10023930.89 2.5322985286760907e-05 16.15 0.0
GM2 1.0 629 4 584604.59 -23.21 31.97 -41.94 0.58 0.5 57.62 13759.57 18676217.32 0.00027368636601627413 26.34 0.0
GM2 1.0 630 2 390798.55 -23.4 29.03 -42.0 0.27 0.24 56.16 33777.16 21126858.32 8.720839220264746e-06 10.05 0.0
GM2 1.0 631 6 1093152.57 -25.97 36.01 -42.8 1.09 0.74 61.67 15484.61 11723638.05 4.222102366926176e-05 19.78 0.0
GM2 1.0 632 3 601598.15 -25.93 34.04 -49.09 0.39 0.33 65.12 14225.93 15474154.62 0.00013286298597228779 13.38 0.0
GM2 1.0 633 3 647534.43 -22.59 26.47 -46.77 0.69 0.5 58.29 12508.12 20814036.81 0.0005814765514771901 8.64 0.0
GM2 1.0 634 2 370429.92 -22.48 25.61 -45.4 0.18 0.16 56.76 15103.92 20667753.29 0.00026241462879312004 5.84 0.0
GM2 1.0 635 3 541878.63 -24.97 25.98 -38.5 0.56 0.47 52.74 15974.46 13408197.58 5.39309478967293e-05 27.42 0.0
GM2 1.0 636 3 658774.43 -25.46 27.75 -40.11 0.62 0.5 55.02 17113.91 11931704.43 3.0288847902656482e-05 16.18 0.0
GM2 1.0 637 2 438370.12 -29.49 15.6 -24.68 0.27 0.27 41.5 14533.59 18728827.17 0.00025052190145181377 13.19 0.0
GM2 1.0 638 3 590827.84 -30.03 23.81 -25.11 0.58 0.43 45.81 12612.75 22724969.43 0.0007829275353367024 22.84 0.0
GM2 1.0 639 4 817263.45 -26.21 52.68 -31.02 1.09 0.67 66.52 17895.82 8927818.06 1.2649498176372232e-05 8.12 0.0
GM2 1.0 640 2 387868.96 -25.48 28.1 -30.73 0.5 0.45 48.82 41813.03 24576033.78 5.1839542048234864e-06 22.76 0.0
GM2 1.0 641 3 555749.14 -25.76 45.98 -28.29 0.8 0.53 59.81 16965.91 10581009.32 2.306172912095039e-05 12.96 0.0
GM2 1.0 642 2 442043.99 -25.78 49.08 -29.71 0.46 0.45 62.9 14183.75 12994361.29 7.819210509776502e-05 14.03 0.0
GM2 1.0 643 10 2029570.03 -32.15 47.56 -25.44 1.3 0.81 62.79 15212.35 11417406.2 4.4230559686876246e-05 14.15 0.0
GM2 1.0 644 2 332312.13 -31.62 28.73 -25.1 0.36 0.28 49.55 19969.66 11585506.56 1.6136589965799523e-05 11.59 0.0
GM2 1.0 645 3 554379.73 -31.21 27.14 -24.15 0.89 0.63 47.9 24486.3 19111435.91 2.1477117930369955e-05 25.41 0.0
GM2 1.0 646 2 394565.02 -27.59 45.93 -30.84 0.16 0.14 61.82 16120.47 10383570.95 2.559669830979051e-05 4.58 0.0
GM2 1.0 647 2 432808.28 -27.06 33.28 -47.52 0.49 0.48 64.01 14851.05 15410793.03 0.00010662262589844627 14.51 0.0
GM2 1.0 648 2 369883.78 -29.51 43.01 -35.3 0.58 0.49 62.98 29385.73 8177217.71 1.3944625008801848e-06 25.31 0.0
GM2 1.0 649 2 297901.96 -30.07 42.6 -32.94 0.31 0.27 61.68 21776.88 7176227.73 4.023982357164763e-06 11.38 0.0
GM2 1.0 650 2 372253.64 -27.4 20.55 -28.86 0.32 0.27 44.79 13651.56 25218436.59 0.0007488948818266856 21.5 0.0
GM2 1.0 651 2 442114.91 -30.83 19.63 -30.47 0.24 0.24 47.58 13016.81 20282208.4 0.000445926440909765 14.26 0.0
GM2 1.0 652 2 256309.94 -27.28 45.31 -32.11 0.52 0.42 61.87 25765.29 8030196.6 2.815850854551327e-06 13.91 0.0
GM2 1.0 653 6 964901.92 -26.99 37.56 -32.98 0.83 0.52 56.81 12466.32 17314381.34 0.0003319287904651113 18.13 0.0
GM2 1.0 654 5 1054185.14 -27.68 45.21 -40.4 0.96 0.69 66.65 18387.25 9152494.69 1.2234074492135398e-05 9.12 0.0
GM2 1.0 655 7 1284021.59 -26.68 39.17 -42.54 1.1 0.69 63.69 14834.37 12220901.01 6.266780187329483e-05 16.34 0.0
GM2 1.0 656 3 588723.57 -24.55 37.69 -37.38 0.6 0.46 58.48 18984.65 9561359.27 1.2090173733943526e-05 28.81 0.0
GM2 1.0 657 2 446293.78 -25.96 37.53 -42.43 0.24 0.23 62.31 13447.79 13317091.29 9.88798710190527e-05 12.42 0.0
GM2 1.0 658 3 603115.5 -27.13 32.84 -48.59 0.53 0.5 64.62 13289.28 18028261.47 0.00031074586803333946 22.56 0.0
GM2 1.0 659 3 633371.43 -30.33 45.06 -42.91 0.61 0.44 69.22 18351.71 7890620.99 9.0670090728487e-06 14.22 0.0
GM2 1.0 660 6 1072407.68 -29.7 32.27 -48.19 1.43 0.79 65.17 25311.03 14424814.8 2.0962880059250267e-05 20.7 0.0
GM2 1.0 661 2 363106.75 -28.92 29.08 -45.7 0.56 0.48 61.4 44779.17 17100646.18 3.208363103744548e-06 21.37 0.0
GM2 1.0 662 6 1148269.15 -28.95 26.16 -34.69 1.73 0.96 52.21 13365.52 17111787.94 0.00024296564450391808 22.67 0.0
GM2 1.0 663 2 276575.88 -29.86 26.29 -36.2 0.39 0.34 53.79 16772.53 13258515.03 4.455966230376368e-05 4.18 0.0
GM2 1.0 664 6 1227588.57 -28.88 24.64 -36.75 1.12 0.76 52.83 13580.86 19878757.65 0.00041150179290944187 34.23 0.0
GM2 1.0 665 5 1010385.74 -26.8 29.94 -33.9 1.31 0.75 52.57 17786.8 10939313.81 2.1593343289895427e-05 8.45 0.0
GM2 1.0 666 2 450836.52 -29.41 35.42 -37.25 0.32 0.32 59.22 19574.75 6334760.86 4.435580540354407e-06 15.02 0.0
GM2 1.0 667 3 664197.22 -28.46 34.31 -35.44 0.71 0.61 56.95 18825.48 8753207.2 1.0950557106123103e-05 19.68 0.0
GM2 1.0 668 4 811564.37 -60.63 15.54 -25.96 0.99 0.68 67.76 15925.39 8677736.54 1.686217444479803e-05 12.96 0.0
GM2 1.0 669 2 402847.66 -39.86 17.43 -30.77 0.31 0.29 53.29 12139.27 17125482.48 0.0003976028251570232 10.17 0.0
GM2 1.0 670 2 313156.96 -65.06 16.32 -28.35 0.61 0.43 72.82 17750.62 6766478.41 7.321141306983426e-06 7.15 0.0
GM2 1.0 671 3 649178.11 -62.09 17.62 -31.03 0.78 0.54 71.61 14538.91 10663112.14 4.515421188941162e-05 11.63 0.0
GM2 1.0 672 11 1979485.35 -36.25 14.55 -27.01 1.43 0.72 47.49 11794.75 22844822.47 0.0009824301191335603 22.51 0.0
GM2 1.0 673 3 645513.11 -63.35 15.43 -32.0 0.49 0.46 72.63 19664.74 8981751.83 1.11676125651232e-05 7.44 0.0
GM2 1.0 674 3 531453.36 -41.36 12.6 -31.4 0.66 0.45 53.44 11622.02 15594828.76 0.00034134101265461986 13.52 0.0
GM2 1.0 675 4 753388.53 -36.98 17.62 -26.81 0.56 0.36 48.96 11420.8 22543087.32 0.0010510033627798693 13.08 0.0
GM2 1.0 676 2 461799.92 -50.79 20.55 -36.41 0.5 0.46 65.79 20228.39 5147790.37 2.506370272336453e-06 4.71 0.0
GM2 1.0 677 3 490422.13 -42.0 11.38 -31.78 0.61 0.45 53.89 13735.44 12108629.13 7.421730518857204e-05 10.87 0.0
GM2 1.0 678 5 1084868.06 -43.46 16.76 -37.57 1.06 0.68 59.84 15237.09 8675268.76 2.2018162782009855e-05 11.98 0.0
GM2 1.0 679 2 468896.77 -33.05 21.66 -34.71 0.45 0.43 52.6 12895.65 16071788.25 0.0002362533919518895 5.34 0.0
GM2 1.0 680 5 958669.17 -33.66 26.55 -33.22 1.71 1.01 54.24 16541.65 12906731.72 4.73914172569221e-05 15.91 0.0
GM2 1.0 681 6 1078880.38 -31.52 25.33 -34.59 1.01 0.74 53.21 12476.09 15455053.55 0.00022780750324885436 15.71 0.0
GM2 1.0 682 2 430856.88 -34.39 23.86 -35.9 0.49 0.48 55.14 15957.6 6696702.35 1.031917974027759e-05 7.78 0.0
GM2 1.0 683 10 1969283.16 -35.36 28.63 -34.7 1.81 1.13 57.22 14839.49 10935468.9 4.2861967863532506e-05 11.73 0.0
GM2 1.0 684 4 857968.25 -38.07 54.87 -35.18 0.81 0.43 75.49 20638.85 5460182.28 2.6937031599160228e-06 11.46 0.0
GM2 1.0 685 2 310685.58 -36.79 32.2 -34.61 0.47 0.45 59.9 30815.75 9276417.86 1.5609422443240592e-06 11.84 0.0
GM2 1.0 686 2 424168.56 -42.71 26.53 -33.53 0.16 0.16 60.43 16276.58 4134004.39 3.0470000922810533e-06 1.56 0.0
GM2 1.0 687 2 437426.16 -46.01 27.4 -33.22 0.48 0.47 63.02 20161.45 3351005.03 1.015087828154626e-06 12.45 0.0
GM2 1.0 688 3 584581.57 -42.35 24.47 -33.78 0.74 0.59 59.44 15022.13 5831972.65 8.491882283957719e-06 8.56 0.0
GM2 1.0 689 5 1020010.8 -36.7 44.79 -47.32 0.82 0.65 74.78 22658.74 7706258.12 3.981347036224734e-06 14.57 0.0
GM2 1.0 690 3 548658.26 -31.9 45.95 -43.13 0.64 0.45 70.64 20020.33 6979768.23 5.231569033943519e-06 3.61 0.0
GM2 1.0 691 2 384294.3 -34.95 39.64 -47.0 0.27 0.24 70.72 32335.1 8343650.5 1.0344358574727415e-06 8.21 0.0
GM2 1.0 692 2 434665.08 -33.71 36.87 -47.36 0.31 0.3 68.84 45878.0 15998497.52 2.379959563627389e-06 18.12 0.0
GM2 1.0 693 2 370503.03 -33.87 28.15 -50.19 0.32 0.28 66.77 32692.76 8926522.79 9.039541747428507e-07 2.06 0.0
GM2 1.0 694 2 389980.39 -33.03 32.39 -38.0 0.24 0.22 59.87 30961.23 9775885.75 1.4410778224374212e-06 6.56 0.0
GM2 1.0 695 8 1573983.5 -43.82 38.7 -57.77 0.95 0.6 82.19 19682.73 9020794.43 9.966795285625882e-06 14.87 0.0
GM2 1.0 696 2 457361.64 -39.55 40.34 -52.8 0.34 0.32 77.33 21510.71 8870447.31 6.66647198112037e-06 4.34 0.0
GM2 1.0 697 3 648992.52 -38.97 39.89 -51.38 0.39 0.28 75.83 19168.24 8531108.94 8.994143022002638e-06 9.42 0.0
GM2 1.0 698 2 404103.18 -44.95 38.35 -58.3 0.46 0.38 83.01 18903.53 7566486.89 7.445950497416217e-06 7.08 0.0
GM2 1.0 699 2 470120.29 -35.51 22.83 -33.68 0.19 0.18 54.0 13071.34 12410166.23 8.81329710980935e-05 6.91 0.0
GM2 1.0 700 2 321848.71 -32.33 26.84 -34.66 0.33 0.31 54.47 15368.99 11572532.57 4.316703958588255e-05 7.09 0.0
GM2 1.0 701 2 449015.96 -51.85 22.72 -32.78 0.44 0.42 65.42 14741.37 6448445.51 1.1248096594037314e-05 9.47 0.0
GM2 1.0 702 10 2088173.02 -39.16 21.7 -33.36 1.06 0.74 55.83 10969.78 18712240.85 0.0007120881886687083 7.26 0.0
GM2 1.0 703 2 343701.65 -41.27 23.33 -33.88 0.42 0.4 58.27 14366.16 7358106.64 1.607800807232446e-05 12.7 0.0
GM2 1.0 704 2 427037.69 -53.08 19.72 -32.52 0.22 0.22 65.3 26769.96 8317032.3 2.4700029558685453e-06 17.81 0.0
GM2 1.0 705 2 426486.19 -48.25 17.55 -30.58 0.39 0.39 59.76 15708.57 9016376.22 2.1856857270901577e-05 28.34 0.0
GM2 1.0 706 3 632473.73 -34.0 50.51 -25.72 0.34 0.19 66.1 19320.36 7935223.13 7.562538495166815e-06 7.61 0.0
GM2 1.0 707 2 323185.87 -26.94 44.31 4.3 0.4 0.39 52.03 34249.68 21851735.59 1.1803952208386986e-05 8.89 0.0
GM2 1.0 708 3 521030.59 -27.69 44.32 9.23 0.13 0.11 53.07 18414.27 10160573.03 1.5109271450823994e-05 5.02 0.0
GM2 1.0 709 2 428712.42 -33.78 31.0 -26.74 0.34 0.34 53.08 39683.76 18879659.8 4.431750487858559e-06 3.09 0.0
GM2 1.0 710 3 674150.41 -26.04 37.64 -32.19 0.46 0.33 55.95 11615.08 17934387.76 0.0004941476070655534 10.17 0.0
GM2 1.0 711 5 1094050.48 -27.02 35.83 -31.03 0.59 0.44 54.56 12554.3 16506531.48 0.0002597881583717296 12.07 0.0
GM2 1.0 712 3 588384.61 -31.89 19.46 -38.24 0.47 0.36 53.46 12275.99 20649528.43 0.000623560465828383 22.2 0.0
GM2 1.0 713 3 457000.91 -37.61 23.57 -34.5 0.69 0.53 56.22 13865.05 8907124.44 4.265595134954212e-05 7.88 0.0
GM2 1.0 714 2 436232.1 -38.18 21.72 -34.69 0.16 0.15 55.97 11965.51 16584209.53 0.0003174332655902544 3.67 0.0
GM2 1.0 715 2 374722.59 -30.95 23.21 -42.49 0.3 0.25 57.46 33011.53 14419200.74 2.486654901146198e-06 4.45 0.0
GM2 1.0 716 2 315616.52 -30.63 21.21 -41.05 0.36 0.35 55.44 13601.83 12008536.15 6.968741701046172e-05 6.24 0.0
GM2 1.0 717 2 387223.69 -29.62 30.47 -34.69 0.36 0.29 54.86 44061.9 16782187.06 2.307096417594022e-06 11.52 0.0
GM2 1.0 718 4 718605.2 -28.47 20.7 -43.69 1.02 0.76 56.11 13888.51 13176203.33 8.883350494724365e-05 12.87 0.0
GM2 1.0 719 2 303496.02 -29.34 21.96 -41.35 0.39 0.39 55.25 14793.52 12473397.21 5.647714259746159e-05 4.94 0.0
GM2 1.0 720 2 312819.17 -30.92 19.99 -42.17 0.32 0.31 55.98 13372.15 14500231.02 0.00012749840087994255 7.02 0.0
GM2 1.0 721 2 432283.75 -27.1 22.98 -50.27 0.62 0.49 61.56 24393.32 13829420.46 1.3838847837079311e-05 9.33 0.0
GM2 1.0 722 2 301619.13 -27.61 22.32 -29.99 0.1 0.08 46.47 36088.77 33811631.24 2.7590862444630152e-05 19.26 0.0
GM2 1.0 723 2 187974.55 -32.92 28.7 -25.52 0.26 0.25 50.58 46235.12 19535667.7 1.8895212219593956e-06 6.55 0.0
GM2 1.0 724 9 1727906.84 -26.84 47.03 -29.76 1.35 0.93 61.79 13990.97 13547016.98 9.562403406783183e-05 14.99 0.0
GM2 1.0 725 2 381355.42 -36.06 29.91 -11.96 0.29 0.25 48.36 15400.23 13484838.55 6.947791482459383e-05 5.53 0.0
GM2 1.0 726 2 306070.57 -37.17 32.0 -18.6 0.37 0.37 52.46 16320.32 11764880.01 3.6318164336096936e-05 7.46 0.0
GM2 1.0 727 3 597648.62 -28.26 40.94 -11.63 0.54 0.44 51.09 23821.26 15618649.55 1.786572812676658e-05 29.91 0.0
GM2 1.0 728 2 381081.2 -35.71 28.94 -23.13 0.54 0.45 51.46 20254.3 11084406.54 1.5493982884689174e-05 21.22 0.0
GM2 1.0 729 3 639215.34 -46.97 24.44 -18.09 0.39 0.3 55.95 12564.4 14116782.35 0.00015361476451947753 3.11 0.0
GM2 1.0 730 2 445870.07 -38.79 23.48 -20.5 0.5 0.49 49.76 13774.36 15962307.59 0.00015736136082525912 36.15 0.0
GM2 1.0 731 2 403559.13 -37.32 21.9 -21.99 0.18 0.16 48.54 12483.24 16005723.52 0.00024137634810544794 7.09 0.0
GM2 1.0 732 3 647356.27 -59.14 22.99 -22.83 0.68 0.54 67.44 19029.97 7038220.46 6.672069131111215e-06 19.13 0.0
GM2 1.0 733 2 370594.63 -61.09 22.23 -23.68 0.42 0.37 69.19 15588.13 8054752.18 1.521175154672006e-05 15.85 0.0
GM2 1.0 734 2 301824.32 -55.16 21.89 -20.32 0.55 0.39 62.73 16162.82 7881409.66 1.3480012137394052e-05 10.2 0.0
GM2 1.0 735 2 430793.04 -45.36 24.85 -19.81 0.43 0.43 55.38 12732.91 13555959.48 0.0001263512294004592 2.0 0.0
GM2 1.0 736 2 434519.15 -61.87 26.89 -21.3 0.16 0.16 70.75 22088.69 4796430.26 1.6030664976898601e-06 7.44 0.0
GM2 1.0 737 2 263041.26 -63.73 24.82 -17.33 0.4 0.31 70.55 20030.27 7574456.19 6.100860705188777e-06 13.82 0.0
GM2 1.0 738 6 1108465.48 -57.39 20.22 -18.48 1.1 0.71 63.59 13657.66 11482025.37 6.021319499643603e-05 11.93 0.0
GM2 1.0 739 5 1098859.14 -58.86 21.95 -18.9 1.22 0.84 65.6 16087.99 10245526.12 2.960537941801951e-05 13.56 0.0
GM2 1.0 740 2 435679.05 -69.44 24.13 -13.13 0.44 0.43 74.68 22723.4 8150491.68 4.721414505250722e-06 10.24 0.0
GM2 1.0 741 3 548602.15 -82.39 22.1 -9.28 0.54 0.5 85.81 22890.51 4611333.83 1.326739485128521e-06 5.65 0.0
GM2 1.0 742 2 362892.76 -60.01 22.53 -9.32 0.53 0.45 64.77 21476.03 11171157.06 1.2485734860958294e-05 18.21 0.0
GM2 1.0 743 2 426672.48 -56.92 23.98 -12.47 0.3 0.3 63.01 12254.15 16781030.82 0.00031205937012848895 11.3 0.0
GM2 1.0 744 4 892426.56 -26.03 26.3 -7.8 0.46 0.3 37.81 16509.84 13328732.67 4.62994636924456e-05 12.87 0.0
GM2 1.0 745 8 1635875.18 -25.17 25.62 -17.22 1.32 0.87 39.83 12267.77 20912136.8 0.0008601413162794648 19.36 0.0
GM2 1.0 746 2 267891.48 -24.44 24.43 -39.67 0.58 0.44 52.61 16708.54 12927396.3 4.096697804651238e-05 20.38 0.0
GM2 1.0 747 4 898382.06 -21.12 24.86 -29.17 0.71 0.46 43.76 12614.49 23811848.96 0.0008651537358773223 36.02 0.0
GM2 1.0 748 28 5603448.17 -30.64 24.64 -13.97 1.85 0.95 41.73 10455.62 36751433.89 0.00651861436771888 21.28 0.0
GM2 1.0 749 5 1107998.25 -26.96 24.38 -15.4 1.05 0.57 39.48 16008.88 15593355.28 8.588840972888246e-05 23.41 0.0
GM2 1.0 750 18 3439781.92 -26.76 22.77 -10.86 0.86 0.49 36.78 11103.9 29016558.07 0.002240665044892799 12.98 0.0
GM2 1.0 751 5 889595.71 -26.77 18.06 -17.16 0.56 0.4 36.57 16312.24 14475233.5 6.166273292020747e-05 24.44 0.0
GM2 1.0 752 3 603949.8 -28.06 18.15 -13.35 0.27 0.24 35.99 24085.61 13518977.15 9.545110265964786e-06 8.97 0.0
GM2 1.0 753 8 1631789.03 -28.04 21.63 1.72 0.89 0.57 35.45 15184.0 16644504.9 0.00012643460091661592 13.37 0.0
GM2 1.0 754 7 1341729.96 -24.75 22.86 -22.01 1.34 0.66 40.24 11539.27 31669744.3 0.0025876902605100924 28.01 0.0
GM2 1.0 755 6 1017709.48 -26.6 16.53 -21.27 0.68 0.51 37.86 12735.66 21986431.97 0.0006737029090367176 19.06 0.0
GM2 1.0 756 2 429404.04 -26.58 17.26 -23.27 0.41 0.41 39.32 13582.78 22541619.15 0.0005577381811005247 43.08 0.0
GM2 1.0 757 3 585171.54 -28.29 21.68 -20.1 0.64 0.51 40.92 11664.63 24927920.73 0.001290441013632488 19.55 0.0
GM2 1.0 758 4 817904.17 -25.72 22.02 -18.66 0.89 0.53 38.66 15562.07 15756206.24 9.405721476453043e-05 16.39 0.0
GM2 1.0 759 2 327895.26 -20.2 21.83 -30.63 0.12 0.12 42.69 30581.15 101297665.02 0.001436245707530606 7.38 0.0
GM2 1.0 760 2 424279.94 20.48 25.2 6.54 0.25 0.25 33.12 17069.77 11722743.38 2.8156501397061575e-05 2.69 0.0
GM2 1.0 761 2 453280.6 -61.59 27.14 -3.56 0.49 0.46 67.4 47619.9 17403857.25 2.4975356080792773e-07 11.38 0.0
GM2 1.0 762 4 754367.03 -30.13 23.89 -10.58 0.67 0.58 39.88 17337.8 16050428.27 6.451361285500665e-05 23.03 0.0
GM2 1.0 763 2 395287.65 -25.07 42.1 -40.68 0.22 0.2 63.69 36598.99 12490717.11 2.2258613263985987e-06 15.38 0.0
GM2 1.0 764 2 387288.6 -90.61 47.58 -15.86 0.54 0.48 103.57 32136.35 4502666.0 3.6717038397519463e-07 3.37 0.0
GM2 1.0 765 2 403082.96 -89.59 46.7 -15.04 0.53 0.47 102.14 31125.31 4775571.15 4.3613960195261457e-07 9.17 0.0
GM2 1.0 766 3 572492.43 -81.97 43.01 -15.78 0.25 0.2 93.9 24948.59 4496447.86 9.315985072893897e-07 3.66 0.0
GM2 1.0 767 2 461139.53 -66.89 46.19 6.92 0.34 0.33 81.58 21768.26 6779123.52 3.549709060752951e-06 4.05 0.0
GM2 1.0 768 2 432948.57 -67.71 49.09 8.51 0.18 0.17 84.07 27068.39 6123940.89 1.2182310781476032e-06 5.42 0.0
GM2 1.0 769 2 436103.84 -62.21 42.78 3.97 0.2 0.2 75.61 21815.94 6511365.2 3.1819003305164573e-06 2.36 0.0
GM2 1.0 770 2 371797.12 -42.98 50.24 -15.1 0.47 0.32 67.82 30471.37 9123867.77 1.735774416974026e-06 6.14 0.0
GM2 1.0 771 3 491365.28 -45.68 40.65 -14.46 0.84 0.58 62.83 19505.76 8980080.59 9.600239867510477e-06 14.11 0.0
GM2 1.0 772 2 281811.63 -43.39 47.76 -15.09 0.4 0.35 66.27 46126.34 14804367.48 1.9102903327610225e-06 10.84 0.0
GM2 1.0 773 2 254703.71 -45.1 42.13 -15.04 0.51 0.42 63.52 22062.32 7617969.76 4.3465737289071465e-06 9.13 0.0
GM2 1.0 774 2 435286.84 -54.27 46.16 -10.4 0.4 0.4 72.0 28633.98 5403833.18 7.997630310894988e-07 4.61 0.0
GM2 1.0 775 7 1391792.89 -66.44 20.5 -21.09 1.4 0.89 72.66 13940.4 10028693.57 4.2922731039375864e-05 12.63 0.0
GM2 1.0 776 3 638019.1 -64.49 19.43 -21.31 0.78 0.59 70.64 12698.79 12735334.26 0.00010621395803305781 7.86 0.0
GM2 1.0 777 3 677852.62 -25.15 40.84 -35.41 0.63 0.49 59.62 15849.14 11806781.52 3.920222516994605e-05 12.93 0.0
GM2 1.0 778 2 379144.34 -26.89 41.08 -30.46 0.51 0.45 57.78 43929.38 22227519.95 7.728911689216317e-07 25.67 0.0
GM2 1.0 779 2 446509.28 -27.21 37.92 -28.49 0.46 0.44 54.68 21596.64 9328350.69 7.396303978901269e-06 16.82 0.0
GM2 1.0 780 6 1223778.78 -15.02 8.96 -30.54 1.1 0.72 35.2 14058.62 23147899.63 0.0005879524348832581 21.14 0.0
GM2 1.0 781 3 586422.36 -53.55 20.88 -21.08 0.56 0.53 61.22 14747.56 11905813.16 5.5939306804789345e-05 13.11 0.0
GM2 1.0 782 2 320554.02 -53.56 20.75 -19.73 0.34 0.33 60.73 15034.87 10269359.83 3.126802701100209e-05 10.8 0.0
GM2 1.0 783 3 520402.12 -51.54 19.77 -23.4 0.53 0.46 59.96 12163.4 14869279.63 0.00021771035701410112 10.64 0.0
GM2 1.0 784 2 446980.13 -58.91 28.37 -25.24 0.27 0.26 70.09 24673.11 6582733.99 2.0090937101752484e-06 6.82 0.0
GM2 1.0 785 2 368638.33 -53.75 19.57 -20.53 0.41 0.36 60.77 13961.0 11986109.19 6.37531269257865e-05 3.16 0.0
GM2 1.0 786 3 600648.13 -39.67 18.79 -19.33 0.39 0.29 47.96 13604.38 14766785.5 0.0001329837637634626 6.36 0.0
GM2 1.0 787 4 810804.64 -48.49 20.38 -18.14 0.77 0.5 55.64 14325.41 13910912.33 8.896042260447232e-05 15.1 0.0
GM2 1.0 788 5 1114367.34 -50.83 18.43 -19.0 0.78 0.53 57.31 12638.66 16189347.75 0.0002353838985234432 7.15 0.0
GM2 1.0 789 2 317951.29 -48.72 18.46 -19.37 0.67 0.5 55.59 16544.13 14002402.0 5.095633229645438e-05 12.83 0.0
GM2 1.0 790 2 447493.06 -63.68 19.48 -17.36 0.43 0.42 68.82 16718.07 8285158.1 1.3167386916470639e-05 6.04 0.0
GM2 1.0 791 2 437739.86 -56.22 20.88 -19.11 0.43 0.42 62.94 13943.13 10536895.09 4.391790281940249e-05 6.22 0.0
GM2 1.0 792 2 312533.75 -59.33 21.06 -18.34 0.08 0.08 65.58 15298.43 10169874.79 2.873477536886542e-05 2.41 0.0
GM2 1.0 793 8 1521495.56 -63.83 18.43 -19.92 1.22 0.96 69.36 13881.44 11080540.52 5.7266885515264526e-05 16.58 0.0
GM2 1.0 794 2 389229.25 -58.71 18.53 -17.66 0.49 0.45 64.05 17723.94 8955921.55 1.31284353648669e-05 12.36 0.0
GM2 1.0 795 6 1105608.98 -46.82 19.24 -22.47 0.9 0.59 55.38 15480.16 12665957.03 5.3123485154002346e-05 15.55 0.0
GM2 1.0 796 3 639243.25 -47.34 17.34 -21.07 0.48 0.45 54.64 15840.3 12329237.69 4.371181772420941e-05 8.76 0.0
GM2 1.0 797 2 427433.2 -50.05 18.55 -21.1 0.43 0.43 57.4 14210.35 11554806.87 5.837964841713879e-05 8.83 0.0
