model linking_length pyfof_grp N clump_mass[Msol] com_x[kpc] com_y[kpc] com_z[kpc] max_r[kpc] clump_r_avg[kpc] r[kpc] avg_temp[K] avg_pressure[Pa] avg_nHden[cm^-3] vdist[km/s] entropy[K/(Msolkpc**3)**(2/3)]
GM2noBHs 1.00 0 2 273948.98 184.01 -80.10 102.54 0.52 0.38 225.37 18628.11 2438105.07 0.0000010486 2.45 2466950266157129690775552.00
GM2noBHs 1.00 1 2 286738.99 186.28 -89.10 100.67 0.56 0.46 229.72 15381.63 4808518.26 0.0000079525 4.40 1129146615076527466872832.00
GM2noBHs 1.00 2 2 280997.67 185.42 -90.01 106.95 0.51 0.41 232.20 14781.83 3959122.27 0.0000058922 1.83 1204638135837012346798080.00
GM2noBHs 1.00 3 2 170255.24 179.72 -91.31 103.06 0.53 0.37 226.41 13974.44 5759333.73 0.0000159359 4.82 849707545743904099794944.00
GM2noBHs 1.00 4 2 130039.75 175.52 -88.98 110.96 0.36 0.36 225.91 15743.06 4103528.87 0.0000052568 1.13 1306676681039559796981760.00
GM2noBHs 1.00 5 3 449532.02 171.62 -92.84 101.07 0.73 0.55 219.74 14244.56 6679476.48 0.0000214429 4.00 794674733526269223239680.00
GM2noBHs 1.00 6 2 279352.03 172.06 -93.47 105.34 0.21 0.15 222.34 13377.57 7851373.90 0.0000363190 3.40 639832377006670106066944.00
GM2noBHs 1.00 7 2 135389.83 172.42 -94.63 103.07 0.44 0.42 222.05 14568.81 5639102.42 0.0000133492 1.69 924937100283908007657472.00
GM2noBHs 1.00 8 3 279976.93 173.05 -93.42 107.43 0.80 0.62 224.09 14061.62 6110433.01 0.0000177444 4.51 825950674842606928658432.00
GM2noBHs 1.00 9 2 166698.37 167.12 -93.82 101.00 0.47 0.35 216.64 14755.77 5274004.13 0.0000110960 3.75 989494552309167598600192.00
GM2noBHs 1.00 10 2 316481.41 174.99 -94.34 105.74 0.50 0.38 225.17 13297.51 7903675.29 0.0000378133 2.42 630205271066980971970560.00
GM2noBHs 1.00 11 2 298320.50 171.97 -76.72 107.69 0.52 0.36 216.93 17226.02 2340722.30 0.0000012144 4.89 2218248642526007984652288.00
GM2noBHs 1.00 12 2 144475.79 169.08 -87.25 108.93 0.12 0.09 219.24 14798.54 4297827.03 0.0000069464 1.21 1142624695133084789506048.00
GM2noBHs 1.00 13 2 267754.11 168.21 -94.65 107.30 0.38 0.32 220.83 14343.69 5412866.22 0.0000127997 1.05 928117974612096191561728.00
GM2noBHs 1.00 14 2 302922.53 182.77 -92.45 104.81 0.49 0.45 230.08 14365.51 5064505.12 0.0000110350 1.56 971136322114135674322944.00
GM2noBHs 1.00 15 2 264071.96 178.21 -92.28 112.20 0.56 0.45 229.92 15123.22 3618432.88 0.0000045385 0.96 1331924587424320589922304.00
GM2noBHs 1.00 16 2 265512.94 170.23 -101.28 107.05 0.62 0.39 225.16 25666.50 2431908.54 0.0000003636 7.96 4254932266420490098180096.00
GM2noBHs 1.00 17 2 373466.18 183.92 -83.41 96.50 0.44 0.37 223.82 17215.25 3263574.27 0.0000024299 2.90 1769945339137867466670080.00
GM2noBHs 1.00 18 2 325197.92 175.03 -74.04 75.89 0.26 0.26 204.63 21890.12 1757760.25 0.0000003226 4.06 4053332663522501312118784.00
GM2noBHs 1.00 19 2 367019.97 182.64 -79.54 85.77 0.44 0.38 216.89 20164.16 2240716.58 0.0000006895 2.01 2992074680879957191688192.00
GM2noBHs 1.00 20 2 425241.35 187.46 -34.48 40.52 0.40 0.40 194.87 18467.17 2363654.85 0.0000009959 6.18 2511862752263358583406592.00
GM2noBHs 1.00 21 2 424783.72 187.12 -33.95 37.64 0.36 0.36 193.87 17453.97 2872172.89 0.0000017510 4.98 1998223637596824783552512.00
GM2noBHs 1.00 22 2 264460.01 183.30 -45.76 56.93 0.35 0.29 197.31 20880.39 2162356.90 0.0000005709 5.32 3257665271171305802039296.00
GM2noBHs 1.00 23 2 282628.76 171.75 -52.30 56.96 0.62 0.49 188.35 18389.62 2552533.45 0.0000011745 8.00 2354347825710530876669952.00
GM2noBHs 1.00 24 2 429746.55 171.46 -51.79 63.55 0.21 0.20 190.05 17283.35 2882120.33 0.0000017997 2.30 1955455962178560236453888.00
GM2noBHs 1.00 25 2 442523.41 168.37 -69.07 78.67 0.51 0.49 198.26 18383.95 2828214.45 0.0000014699 1.71 2186917969667258354499584.00
GM2noBHs 1.00 26 2 369767.71 173.87 -82.36 87.90 0.58 0.49 211.52 19834.80 2236175.25 0.0000007207 2.67 2913372001841903302606848.00
GM2noBHs 1.00 27 2 233704.58 103.89 -87.38 70.31 0.15 0.13 152.88 40839.30 9306487.39 0.0000003320 10.36 3676672403545603444834304.00
GM2noBHs 1.00 28 2 218695.55 162.91 -96.77 103.44 0.49 0.33 215.88 16469.12 4197126.77 0.0000048207 7.20 1387418025946071949115392.00
GM2noBHs 1.00 29 6 1187184.66 46.53 11.81 42.92 1.34 0.84 64.39 12700.25 13451764.64 0.0001897808 16.50 405421236223208954265600.00
GM2noBHs 1.00 30 6 1112562.58 45.62 9.53 43.57 1.34 0.79 63.80 12313.25 14359297.24 0.0003267104 18.36 380205185572912196747264.00
GM2noBHs 1.00 31 2 364896.37 45.84 10.21 42.56 0.22 0.19 63.38 11642.11 14080351.76 0.0003039390 4.23 335632843015052251365376.00
GM2noBHs 1.00 32 72 14422830.43 41.64 13.15 40.40 3.02 1.54 59.49 9737.35 36618437.67 0.0095127630 12.64 127367534192118521135104.00
GM2noBHs 1.00 33 2 360655.77 90.58 1.90 49.95 0.32 0.27 103.46 16252.39 6152594.81 0.0000114228 2.45 1056616547121634266316800.00
GM2noBHs 1.00 34 2 272997.22 90.78 0.53 49.73 0.27 0.17 103.51 16490.31 5220250.34 0.0000075653 2.69 1208990435901961033220096.00
GM2noBHs 1.00 35 3 650502.29 89.66 2.66 49.93 0.36 0.29 102.66 16988.21 5734444.09 0.0000084882 3.29 1192457928996197228347392.00
GM2noBHs 1.00 36 18 3425634.33 58.16 8.80 42.54 2.10 1.09 72.59 12697.01 12823218.31 0.0002055226 11.59 434156696734566849708032.00
GM2noBHs 1.00 37 2 436074.08 45.18 12.05 42.53 0.38 0.37 63.21 12316.71 14160395.52 0.0002575778 9.31 370540325386243419406336.00
GM2noBHs 1.00 38 2 365421.92 53.80 7.33 43.67 0.34 0.29 69.68 19647.22 5650935.66 0.0000051258 5.00 1543290483238735888515072.00
GM2noBHs 1.00 39 19 3531104.56 44.38 8.33 42.57 2.88 1.43 62.05 12014.50 15300242.18 0.0005351392 16.86 358283155072073452224512.00
GM2noBHs 1.00 40 12 2461642.40 81.54 6.12 48.10 1.69 1.09 94.86 13663.11 8160441.13 0.0000407071 6.69 661124398697524227997696.00
GM2noBHs 1.00 41 2 425344.74 79.89 3.17 46.37 0.45 0.45 92.42 14522.87 8358955.85 0.0000325990 6.06 712311004790566667943936.00
GM2noBHs 1.00 42 2 424241.23 80.86 1.47 47.23 0.26 0.26 93.65 17350.80 5998506.74 0.0000087292 4.85 1202431247142761892151296.00
GM2noBHs 1.00 43 5 1061397.88 77.85 2.72 45.92 0.79 0.47 90.42 13966.84 8644156.82 0.0000411144 4.43 653283354002005814149120.00
GM2noBHs 1.00 44 3 577607.17 90.02 -2.14 47.55 0.66 0.38 101.83 17187.09 5802127.72 0.0000083206 3.09 1210896709556805868453888.00
GM2noBHs 1.00 45 2 424216.21 92.06 -0.13 48.77 0.47 0.47 104.18 18035.43 4637760.21 0.0000044722 4.05 1528831121928264932655104.00
GM2noBHs 1.00 46 2 324095.71 87.53 -0.08 46.52 0.46 0.44 99.12 21363.80 4684253.48 0.0000028455 4.77 2039926020844012485738496.00
GM2noBHs 1.00 47 2 111873.20 87.66 -33.74 43.98 0.12 0.11 103.72 32921.44 2821698.75 0.0000001786 1.84 5793038607656628321779712.00
GM2noBHs 1.00 48 2 424321.09 88.73 -1.83 46.85 0.16 0.16 100.36 16063.75 5964852.05 0.0000108720 2.39 1060245010468026059849728.00
GM2noBHs 1.00 49 2 254574.05 83.54 -2.52 46.83 0.42 0.35 95.80 40417.67 6408497.29 0.0000006178 5.21 4763748585836774307135488.00
GM2noBHs 1.00 50 4 593398.16 76.55 8.33 49.28 0.57 0.50 91.42 17584.22 5019807.69 0.0000058031 5.94 1387450437850303909855232.00
GM2noBHs 1.00 51 3 636370.75 76.62 8.55 47.73 0.37 0.30 90.67 16508.34 5475400.45 0.0000083557 3.97 1173444365176728046272512.00
GM2noBHs 1.00 52 12 2437203.41 70.15 7.95 47.04 1.32 0.80 84.84 14062.96 7840483.05 0.0000302373 7.95 703372074716420944953344.00
GM2noBHs 1.00 53 12 2276768.20 59.88 6.76 46.51 0.85 0.51 76.12 12270.96 12281260.02 0.0001711336 7.14 410518060368147230228480.00
GM2noBHs 1.00 54 10 2037142.22 67.22 13.78 45.51 1.20 0.61 82.34 13308.43 9949577.12 0.0000701950 7.13 546817817837256212217856.00
GM2noBHs 1.00 55 3 635282.27 63.59 -17.36 48.48 0.92 0.59 81.83 16103.62 5900808.68 0.0000117220 7.37 1090671864406142135304192.00
GM2noBHs 1.00 56 3 405978.58 71.86 -17.67 49.93 0.72 0.40 89.27 20673.63 3322001.27 0.0000014233 5.20 2397545555986638169964544.00
GM2noBHs 1.00 57 13 2354942.36 62.81 -16.25 47.65 1.75 0.80 80.50 15294.99 6918316.52 0.0000188715 7.99 885755510023787701600256.00
GM2noBHs 1.00 58 2 277199.61 167.65 -72.92 75.36 0.73 0.47 197.74 18986.46 2104291.12 0.0000007296 7.80 2809761961839002818445312.00
GM2noBHs 1.00 59 2 270455.15 160.19 -78.34 78.83 0.70 0.45 194.97 17572.46 2985902.92 0.0000019283 3.13 1956383741703331233398784.00
GM2noBHs 1.00 60 2 486514.45 161.17 -80.46 88.37 0.52 0.48 200.64 20137.36 2765724.13 0.0000010887 4.32 2582325427399974285475840.00
GM2noBHs 1.00 61 2 427969.68 180.17 -87.75 79.58 0.26 0.26 215.63 33263.52 2935535.69 0.0000002386 6.67 5766362550685532654927872.00
GM2noBHs 1.00 62 2 429371.61 156.88 -80.10 82.62 0.40 0.40 194.56 15816.96 3583819.78 0.0000038940 1.64 1455933203531853178339328.00
GM2noBHs 1.00 63 2 215348.53 174.49 -86.42 89.65 0.36 0.32 214.36 18102.46 3065774.75 0.0000018335 5.45 2010598295792672846118912.00
GM2noBHs 1.00 64 2 368644.34 174.19 -89.69 85.97 0.26 0.23 213.96 18138.86 2248273.61 0.0000009508 0.79 2495159750527158681862144.00
GM2noBHs 1.00 65 3 467746.54 177.92 -91.15 87.48 0.88 0.52 218.22 18693.92 1783650.45 0.0000005541 7.19 3088632336861747382059008.00
GM2noBHs 1.00 66 2 383088.22 179.14 -86.48 72.83 0.48 0.43 211.83 20071.62 1615741.56 0.0000003572 4.30 3693077774899097928466432.00
GM2noBHs 1.00 67 2 249620.57 178.43 -92.73 102.74 0.34 0.22 225.81 13396.51 6682867.54 0.0000250822 2.04 714933246272327762575360.00
GM2noBHs 1.00 68 2 327776.80 178.04 -92.95 105.44 0.60 0.47 226.84 13813.12 6302940.61 0.0000200674 1.96 783364281070840327438336.00
GM2noBHs 1.00 69 2 354743.47 184.55 -89.27 95.82 0.42 0.40 226.30 15507.45 4556243.82 0.0000069062 7.14 1188519995582744488837120.00
GM2noBHs 1.00 70 4 644522.98 183.92 -70.27 38.61 0.65 0.54 200.64 26132.45 1419860.85 0.0000001212 4.10 6269018977985650657067008.00
GM2noBHs 1.00 71 2 424226.93 180.32 -93.55 100.25 0.49 0.49 226.54 14099.43 5988218.87 0.0000167027 3.75 841786521678185458827264.00
GM2noBHs 1.00 72 2 435057.91 -98.42 -17.63 -118.53 0.38 0.37 155.07 38852.51 2047706.49 0.0000000479 5.07 9616710387272136888680448.00
GM2noBHs 1.00 73 2 462836.28 -99.77 -17.43 -122.81 0.28 0.26 159.18 22801.24 1962258.42 0.0000003498 6.40 4051953879161758556356608.00
GM2noBHs 1.00 74 2 435760.40 -102.45 -16.57 -124.04 0.48 0.47 161.73 24657.37 1999325.17 0.0000002849 7.04 4577454971093654398042112.00
GM2noBHs 1.00 75 3 548418.67 68.53 -30.27 30.72 0.66 0.47 80.97 16214.17 8384989.70 0.0000255035 13.10 857111833910113705394176.00
GM2noBHs 1.00 76 3 573768.91 65.66 -27.51 30.40 0.69 0.50 77.41 15174.16 8760515.00 0.0000315745 11.22 734988090682463953616896.00
GM2noBHs 1.00 77 4 685018.55 64.37 -26.96 30.10 0.66 0.46 76.01 12902.29 12788673.76 0.0001852911 7.23 436763731021690082164736.00
GM2noBHs 1.00 78 17 2954732.04 62.45 -26.23 30.73 2.29 1.27 74.38 12776.80 12964625.02 0.0002258117 15.74 431656113341823037997056.00
GM2noBHs 1.00 79 2 313031.58 75.21 -31.32 31.79 0.18 0.13 87.45 17193.64 5765431.78 0.0000085926 13.63 1206850197190884779360256.00
GM2noBHs 1.00 80 7 1156583.61 71.34 -30.27 32.38 1.70 1.07 83.99 13756.43 9571246.60 0.0000617794 9.75 593983291468892732391424.00
GM2noBHs 1.00 81 6 1099634.94 70.22 -30.11 31.34 1.27 0.86 82.58 13643.94 10130031.66 0.0000725342 11.13 559859549287156050558976.00
GM2noBHs 1.00 82 2 380145.27 132.63 -22.79 33.33 0.47 0.42 138.64 16859.51 3907099.30 0.0000036945 3.91 1531336767674253077118976.00
GM2noBHs 1.00 83 4 664830.05 152.65 -33.93 36.86 0.63 0.60 160.66 18631.24 3396264.40 0.0000020421 6.69 1996613043693657765445632.00
GM2noBHs 1.00 84 2 425180.45 160.38 -42.15 36.64 0.41 0.41 169.83 29371.14 1747725.12 0.0000001174 1.20 6693904928276418360508416.00
GM2noBHs 1.00 85 3 442063.75 149.40 -32.78 35.24 0.84 0.50 156.96 18619.09 3141566.39 0.0000017308 5.29 2098353256531112121860096.00
GM2noBHs 1.00 86 2 249976.99 81.72 -32.75 33.59 0.43 0.33 94.23 39964.68 6016428.93 0.0000006734 4.07 4853401564518627902750720.00
GM2noBHs 1.00 87 2 313362.28 144.90 -27.40 30.27 0.63 0.47 150.55 16309.74 4192627.49 0.0000048470 3.39 1382067583729161379774464.00
GM2noBHs 1.00 88 2 340802.65 144.20 -26.11 29.95 0.14 0.12 149.58 16422.41 4182724.57 0.0000046930 5.47 1397966748341254102188032.00
GM2noBHs 1.00 89 2 308709.33 86.69 -41.21 31.70 0.46 0.38 101.08 16702.35 5485913.37 0.0000087434 8.69 1196361024581306607992832.00
GM2noBHs 1.00 90 4 722154.87 82.13 -38.89 28.27 1.13 0.84 95.17 16928.56 5238511.60 0.0000074768 11.64 1265883556893447658930176.00
GM2noBHs 1.00 91 3 570171.49 85.66 -41.05 30.01 0.49 0.41 99.62 14708.56 7044928.36 0.0000215534 4.67 808558998336250929217536.00
GM2noBHs 1.00 92 3 378696.37 85.23 -39.66 27.69 0.86 0.49 98.00 16153.19 5646155.19 0.0000102987 13.05 1110720181816851049742336.00
GM2noBHs 1.00 93 2 424262.16 135.39 -28.34 28.84 0.47 0.47 141.30 19658.95 3056200.35 0.0000013712 3.76 2341109706664256989036544.00
GM2noBHs 1.00 94 2 428505.88 143.14 -26.82 31.37 0.34 0.34 148.97 16054.37 4248912.72 0.0000051586 1.16 1332739472014954603741184.00
GM2noBHs 1.00 95 2 424203.39 123.50 -27.58 28.87 0.45 0.45 129.79 25506.02 1604696.00 0.0000001625 5.04 5593531444110948361568256.00
GM2noBHs 1.00 96 2 212014.39 75.67 -29.87 32.07 0.28 0.19 87.45 15941.11 5521562.50 0.0000096772 20.50 1092308194211378338201600.00
GM2noBHs 1.00 97 2 426636.87 159.60 -30.62 30.83 0.48 0.48 165.41 20880.88 2263271.15 0.0000006190 11.10 3175678843246764143673344.00
GM2noBHs 1.00 98 3 636304.86 146.81 -30.72 30.53 0.74 0.56 153.06 17873.47 3493628.42 0.0000025200 2.74 1832612726949986384740352.00
GM2noBHs 1.00 99 3 603466.42 155.37 -31.46 32.39 0.96 0.64 161.80 19566.51 3140341.05 0.0000015023 8.38 2289883429217733045125120.00
GM2noBHs 1.00 100 3 439114.49 80.74 -36.61 28.51 0.91 0.66 93.12 22018.31 4117145.74 0.0000019079 6.97 2312743717707882682122240.00
GM2noBHs 1.00 101 14 2217524.39 57.70 -21.34 32.79 1.89 1.12 69.71 13335.62 11387841.12 0.0001055604 14.79 494726574538126058848256.00
GM2noBHs 1.00 102 2 384627.64 60.63 -22.21 32.88 0.43 0.39 72.46 13765.32 9602585.86 0.0000562091 23.59 586635114388314709295104.00
GM2noBHs 1.00 103 6 864614.02 59.60 -23.00 32.35 0.87 0.60 71.61 13109.06 11544249.09 0.0001236493 19.07 478868746329688597594112.00
GM2noBHs 1.00 104 16 2545169.03 54.12 -18.69 32.03 2.25 1.13 65.61 13007.69 12601320.33 0.0001759408 13.08 448285383900307969277952.00
GM2noBHs 1.00 105 5 892855.73 74.98 -24.52 33.17 0.34 0.23 85.58 17355.72 6378235.07 0.0000102383 10.53 1143785650251451846361088.00
GM2noBHs 1.00 106 2 290208.05 77.01 -24.66 34.83 0.58 0.47 88.05 21261.11 5189911.23 0.0000035523 3.75 1865641653658901479948288.00
GM2noBHs 1.00 107 9 1528430.76 39.86 22.09 31.72 1.20 0.46 55.52 13722.44 12472997.39 0.0001162516 10.04 490043065980998943506432.00
GM2noBHs 1.00 108 2 356092.97 38.90 24.00 29.91 0.22 0.18 54.62 17067.66 9109844.95 0.0000229756 3.25 879563704132149262155776.00
GM2noBHs 1.00 109 2 424370.70 71.37 13.84 45.27 0.40 0.40 85.64 19417.60 5469149.64 0.0000049449 17.51 1545288091421298330173440.00
GM2noBHs 1.00 110 5 784264.78 69.40 13.61 45.73 1.01 0.75 84.22 14832.83 7688347.13 0.0000321382 11.49 815503093557779467599872.00
GM2noBHs 1.00 111 19 3210747.53 57.39 -12.88 33.81 2.33 1.15 67.85 15988.65 12039761.99 0.0000931582 14.05 671452123318767149121536.00
GM2noBHs 1.00 112 2 324242.26 56.93 8.07 37.48 0.47 0.37 68.63 30626.70 5775201.79 0.0000007874 5.46 3209326015703568447700992.00
GM2noBHs 1.00 113 11 2223588.59 45.19 10.81 29.72 0.89 0.52 55.15 13522.02 13280910.43 0.0001482913 11.55 458263528946987685642240.00
GM2noBHs 1.00 114 14 2694948.33 45.49 -12.36 29.75 1.75 0.92 55.74 12875.73 15167092.00 0.0003493838 11.95 388749991748303453159424.00
GM2noBHs 1.00 115 4 891096.26 48.54 -14.71 29.47 0.65 0.50 58.66 12883.83 13938567.42 0.0002068378 14.18 401670055716275403882496.00
GM2noBHs 1.00 116 18 3479133.51 51.09 -16.27 30.17 2.27 1.27 61.52 12696.19 14616788.11 0.0003021047 11.60 382763701284868582277120.00
GM2noBHs 1.00 117 8 1192926.89 46.84 -14.44 29.43 1.29 0.75 57.18 17895.13 17588900.74 0.0002023650 17.64 614381341822185723920384.00
GM2noBHs 1.00 118 17 3413985.95 38.71 16.61 41.26 0.92 0.67 58.96 11294.92 19260281.60 0.0010073697 8.99 249105141775536591208448.00
GM2noBHs 1.00 119 5 928612.56 60.99 -24.35 32.33 0.81 0.51 73.20 12742.72 11840690.48 0.0001355745 15.89 443041701500099726671872.00
GM2noBHs 1.00 120 2 264288.83 51.34 8.97 41.77 0.73 0.45 66.79 29582.49 6491222.64 0.0000012731 6.27 2799089639127320201527296.00
GM2noBHs 1.00 121 8 1572960.95 48.23 12.66 41.05 0.92 0.36 64.59 13088.70 12739913.07 0.0001553472 9.05 449539807879916796510208.00
GM2noBHs 1.00 122 3 639641.74 77.02 4.35 45.48 0.68 0.58 89.55 15140.24 6772117.48 0.0000177983 7.71 883029053486736072507392.00
GM2noBHs 1.00 123 2 424212.66 63.40 5.86 45.48 0.40 0.40 78.24 16938.05 6779198.22 0.0000124566 10.65 1065260963080851419037696.00
GM2noBHs 1.00 124 2 370837.49 61.26 6.77 45.06 0.41 0.34 76.34 13820.64 8887046.84 0.0000478289 5.93 634598423567437525942272.00
GM2noBHs 1.00 125 21 4282416.98 3.34 19.55 14.19 0.79 0.36 24.39 11198.63 64636082.86 0.0170684023 17.31 85813952290942512791552.00
GM2noBHs 1.00 126 5 653252.31 31.20 11.22 23.60 0.85 0.50 40.70 39733.97 15734833.37 0.0000044358 12.52 2520409852473524264894464.00
GM2noBHs 1.00 127 5 1008619.92 66.31 22.67 26.02 0.93 0.64 74.76 16724.96 5213099.63 0.0000072293 6.42 1239412308685673608511488.00
GM2noBHs 1.00 128 2 367773.61 41.25 28.02 23.01 0.21 0.18 54.92 21089.30 6178808.74 0.0000048112 3.53 1632667414097023469617152.00
GM2noBHs 1.00 129 26 4378235.63 14.46 11.23 15.62 1.46 0.58 24.06 10754.31 59502547.66 0.0171408345 21.54 93046434662566508625920.00
GM2noBHs 1.00 130 12 2493584.81 16.41 9.59 14.51 0.48 0.22 23.91 10922.27 36222696.95 0.0057501828 18.25 134821254132450426093568.00
GM2noBHs 1.00 131 27 4361839.72 15.75 3.99 19.12 1.12 0.64 25.09 11023.48 54207064.40 0.0139080999 27.14 95881535671174936133632.00
GM2noBHs 1.00 132 5 889317.93 17.48 2.32 20.24 0.91 0.64 26.84 14061.28 21995393.52 0.0006637591 39.39 333519822128236126535680.00
GM2noBHs 1.00 133 14 2300100.67 20.23 2.07 21.69 1.81 1.10 29.73 13727.00 20345293.48 0.0006425988 22.02 343920578670694913540096.00
GM2noBHs 1.00 134 14 2708761.69 14.31 9.38 23.50 0.76 0.35 29.06 12727.29 27652699.13 0.0017153769 12.19 231531913806841605259264.00
GM2noBHs 1.00 135 11 1912547.39 6.78 22.92 15.14 0.64 0.43 28.29 12241.09 27449915.73 0.0019291167 6.93 216407170958755838820352.00
GM2noBHs 1.00 136 3 575045.99 10.08 17.24 19.79 0.83 0.57 28.12 45764.30 33039771.19 0.0000090381 12.21 1948488544863794864586752.00
GM2noBHs 1.00 137 2 374556.49 17.69 1.04 20.99 0.40 0.33 27.47 16865.23 18254225.18 0.0001521535 17.40 530305568609130418012160.00
GM2noBHs 1.00 138 23 4251759.95 10.61 6.43 17.53 1.32 0.56 21.47 10698.78 54223582.15 0.0147712019 16.95 97909238036538859716608.00
GM2noBHs 1.00 139 39 6664753.38 8.64 7.17 14.58 1.80 0.73 18.40 10571.83 125095055.21 0.0468466720 32.59 60730340690806662234112.00
GM2noBHs 1.00 140 13 2300733.65 39.22 -10.01 29.46 1.59 0.96 50.06 13865.20 13171228.10 0.0001451990 16.15 480705428352493028376576.00
GM2noBHs 1.00 141 3 575961.68 36.12 -9.42 28.29 0.61 0.49 46.83 14300.18 13184943.62 0.0001355032 7.75 507710878794146113388544.00
GM2noBHs 1.00 142 3 638002.45 13.79 23.10 14.96 0.23 0.18 30.78 16088.58 14291310.44 0.0000900513 8.48 585778285232276553859072.00
GM2noBHs 1.00 143 7 1337215.26 55.85 20.41 36.96 0.87 0.47 70.01 16818.97 7538858.81 0.0000159638 9.07 974547103836883315064832.00
GM2noBHs 1.00 144 2 397398.64 78.40 15.42 39.86 0.33 0.30 89.29 22000.32 3459825.33 0.0000012432 3.90 2592387001628884060864512.00
GM2noBHs 1.00 145 4 721524.42 70.85 6.74 34.22 1.02 0.56 78.97 23858.00 4228933.11 0.0000013714 7.23 2602795747006662416793600.00
GM2noBHs 1.00 146 3 523283.46 56.15 6.24 32.77 0.63 0.31 65.31 24044.53 4739147.88 0.0000016926 4.43 2442570817010678557048832.00
GM2noBHs 1.00 147 2 424269.64 49.59 20.77 32.90 0.24 0.24 63.04 20108.50 5609672.67 0.0000046101 3.42 1612153080791138339651584.00
GM2noBHs 1.00 148 3 542258.64 38.35 22.95 30.33 0.25 0.20 54.01 15546.36 10706119.30 0.0000477325 6.08 673136369792368955621376.00
GM2noBHs 1.00 149 2 368098.19 42.44 -9.31 32.36 0.31 0.25 54.17 17722.31 7541495.36 0.0000137531 5.28 1059378477526854521585664.00
GM2noBHs 1.00 150 22 4666023.82 86.31 59.37 -59.92 0.28 0.14 120.68 16688.53 10702055.97 0.0000358438 2.79 764039597448978556256256.00
GM2noBHs 1.00 151 156 27274153.86 28.27 -4.86 25.10 8.37 3.61 38.12 10130.78 49965906.24 0.0154140339 24.49 118827655165711604514816.00
GM2noBHs 1.00 152 2 424189.97 134.91 -29.39 27.60 0.34 0.34 140.80 19231.96 2784686.63 0.0000012153 1.40 2399877329455428365451264.00
GM2noBHs 1.00 153 3 380765.30 84.41 -41.06 27.61 0.84 0.62 97.84 15968.22 5639150.60 0.0000102747 7.63 1083272911600736547110912.00
GM2noBHs 1.00 154 2 382963.77 65.86 22.84 23.66 0.51 0.43 73.61 27221.13 6268113.25 0.0000021893 8.60 2488708805563186315001856.00
GM2noBHs 1.00 155 2 424241.41 133.61 -18.19 23.37 0.47 0.47 136.85 19266.55 2393363.89 0.0000008825 2.87 2669943409958397178544128.00
GM2noBHs 1.00 156 2 427933.00 151.90 -25.83 23.23 0.42 0.41 155.82 18122.96 3915432.00 0.0000029795 2.23 1726046379203513525731328.00
GM2noBHs 1.00 157 18 3673604.36 17.07 6.24 -8.11 2.01 0.80 19.90 11291.14 44439573.69 0.0093408301 24.04 133632708742244437327872.00
GM2noBHs 1.00 158 2 424306.89 26.42 7.78 -9.47 0.28 0.28 29.13 14651.90 13013296.75 0.0000990508 9.73 533101147668553610035200.00
GM2noBHs 1.00 159 2 447789.80 24.38 -1.19 22.01 0.34 0.34 32.87 14453.48 22753880.66 0.0007511132 22.42 348630500170456962695168.00
GM2noBHs 1.00 160 5 1002549.44 15.65 8.03 -2.15 0.10 0.07 17.72 11591.27 34161210.45 0.0039180276 10.59 161531910637081782648832.00
GM2noBHs 1.00 161 8 1704282.21 20.45 7.41 -0.37 0.49 0.25 21.75 11153.41 33122154.35 0.0041186124 11.28 154012645121209160171520.00
GM2noBHs 1.00 162 28 5043084.23 7.36 7.70 11.75 1.25 0.64 15.86 11749.35 120125919.51 0.0386942861 30.62 64547634292662539911168.00
GM2noBHs 1.00 163 2 437854.77 12.06 5.69 -10.11 0.07 0.07 16.73 13429.52 25579766.56 0.0011440228 4.11 273873857884910279196672.00
GM2noBHs 1.00 164 47 6662084.87 -3.46 14.97 1.41 2.76 1.23 15.43 52881.12 758375415.51 0.0390332093 33.10 310394040841661979820032.00
GM2noBHs 1.00 165 2 311665.12 4.84 18.38 6.42 0.00 0.00 20.06 12404.94 23125846.33 0.0011566740 0.39 255919603000618728292352.00
GM2noBHs 1.00 166 13 2462344.87 -1.47 12.30 9.85 0.95 0.44 15.82 11867.52 61663550.63 0.0143389705 19.81 99439206386188240814080.00
GM2noBHs 1.00 167 2 189415.40 1.06 19.86 -5.24 0.14 0.13 20.56 12464.35 23204419.10 0.0012227884 0.47 252413912737943413325824.00
GM2noBHs 1.00 168 4 615543.32 -0.52 15.46 -0.40 0.66 0.54 15.47 98431.89 631760411.79 0.0054068572 13.43 982134629056014631043072.00
GM2noBHs 1.00 169 2 274495.32 -2.38 25.04 -0.53 0.25 0.19 25.16 14829.04 19702505.15 0.0003321557 7.27 402106652676298834444288.00
GM2noBHs 1.00 170 2 182307.88 -2.75 15.88 -2.14 0.30 0.22 16.25 11668.31 34623941.96 0.0042743257 29.57 157737469017777026105344.00
GM2noBHs 1.00 171 2 179942.52 -4.39 15.91 -1.87 0.40 0.31 16.61 12240.75 32356982.07 0.0030592508 30.71 184158041596528838049792.00
GM2noBHs 1.00 172 5 601601.51 -5.38 17.00 0.73 0.73 0.35 17.84 11441.43 42871203.48 0.0089524125 27.33 120989660514129897586688.00
GM2noBHs 1.00 173 3 532063.57 166.12 -27.64 15.32 0.84 0.46 169.10 20700.73 2834450.99 0.0000010161 9.15 2673926121712393304145920.00
GM2noBHs 1.00 174 2 428294.73 176.19 -26.26 18.99 0.50 0.49 179.15 31275.05 3645419.07 0.0000003891 3.80 4537063954049046396534784.00
GM2noBHs 1.00 175 4 855376.74 67.73 -6.02 22.73 0.61 0.52 71.70 18740.09 4788807.64 0.0000041753 7.79 1594695671795791052144640.00
GM2noBHs 1.00 176 2 269842.14 25.39 -1.44 22.11 0.33 0.28 33.70 15336.63 18597006.58 0.0002436823 17.31 443196830480084146061312.00
GM2noBHs 1.00 177 2 413809.02 28.19 -6.82 25.36 0.46 0.44 38.53 15034.17 15825700.31 0.0001778971 34.74 484171176113685120679936.00
GM2noBHs 1.00 178 2 424654.82 131.95 -15.22 20.94 0.34 0.34 134.47 24639.47 2101949.59 0.0000003136 5.19 4397707987360452637097984.00
GM2noBHs 1.00 179 19 4061866.51 -36.69 11.32 -86.29 0.42 0.11 94.44 14614.23 11637373.85 0.0000732291 2.16 573610002492910815150080.00
GM2noBHs 1.00 180 10 1730782.37 -4.04 -29.19 -41.34 1.33 0.76 50.77 19392.38 8976802.72 0.0000144523 11.76 1102103174387455762628608.00
GM2noBHs 1.00 181 7 1284917.84 -1.56 -25.13 -50.79 0.63 0.40 56.69 23298.75 7059610.51 0.0000042552 8.48 1768478660116774834405376.00
GM2noBHs 1.00 182 9 1807977.78 -5.44 -11.29 -38.77 0.87 0.58 40.74 14594.46 12569939.28 0.0000922112 10.63 543254537696492717604864.00
GM2noBHs 1.00 183 10 1973765.47 20.23 4.36 -26.52 1.46 0.92 33.64 19541.77 15539104.23 0.0000798754 15.57 781716970673836312756224.00
GM2noBHs 1.00 184 20 3853593.49 20.20 1.79 -14.92 2.25 1.07 25.18 12064.51 33776675.41 0.0046939142 33.25 191400390306809075728384.00
GM2noBHs 1.00 185 10 1982418.87 -5.42 -29.40 -20.13 0.60 0.30 36.04 14319.91 16782315.55 0.0002361144 11.67 424814806197525916155904.00
GM2noBHs 1.00 186 2 424237.12 20.92 3.16 -14.01 0.47 0.47 25.37 14570.36 23322389.65 0.0007606120 18.90 352407379277724432465920.00
GM2noBHs 1.00 187 2 424340.39 19.52 4.91 -12.45 0.25 0.25 23.67 14286.10 16620205.65 0.0002216923 4.79 429035203658312081997824.00
GM2noBHs 1.00 188 17 3492097.90 17.02 0.69 -28.63 1.38 0.59 33.31 11664.76 23400697.80 0.0015591631 14.42 229749121584383307808768.00
GM2noBHs 1.00 189 31 6299375.92 12.44 3.56 -11.30 2.19 1.18 17.18 11579.04 50731046.52 0.0112111035 26.06 128075314386231850172416.00
GM2noBHs 1.00 190 6 1161257.82 14.70 -0.20 -44.68 1.72 1.02 47.03 46303.81 17203071.19 0.0000020374 13.82 3089182568739029081128960.00
GM2noBHs 1.00 191 4 795263.50 12.75 -3.12 -9.69 0.09 0.07 16.32 11662.28 29410489.55 0.0025715774 5.40 187175892087205185716224.00
GM2noBHs 1.00 192 11 2084507.67 -1.02 -17.15 -29.39 0.83 0.39 34.04 14249.96 17393577.48 0.0002756141 12.72 411326574728773585862656.00
GM2noBHs 1.00 193 13 2717882.24 0.69 -6.39 -38.45 0.87 0.63 38.98 12705.85 17770646.31 0.0004684970 13.60 332191772667990463479808.00
GM2noBHs 1.00 194 3 636446.20 34.46 -13.91 -31.47 0.32 0.24 48.70 46148.35 14882019.45 0.0000002456 6.35 3384528412697112371789824.00
GM2noBHs 1.00 195 8 1532678.65 -101.04 2.80 -194.82 1.39 0.74 219.48 428165.73 203824534215.17 0.0000004907 90.63 701583045962610220466176.00
GM2noBHs 1.00 196 2 484020.08 -109.24 13.46 -189.20 0.25 0.25 218.89 27075.58 4607731.29 0.0000009980 5.78 2999553220730221381025792.00
GM2noBHs 1.00 197 3 618581.87 -75.76 -7.11 -127.97 0.87 0.62 148.88 16085.51 3913178.01 0.0000043936 5.87 1402749370741106560466944.00
GM2noBHs 1.00 198 2 467344.74 -77.81 -8.40 -129.71 0.22 0.21 151.49 16320.29 3324434.98 0.0000029196 2.72 1610155287256115101827072.00
GM2noBHs 1.00 199 2 400950.35 -73.78 -6.88 -131.79 0.57 0.49 151.20 16374.80 4191021.09 0.0000050631 3.83 1390962531824139962941440.00
GM2noBHs 1.00 200 4 537358.65 -72.65 -7.97 -129.48 0.73 0.54 148.68 16639.91 4416425.56 0.0000053029 7.47 1375923082051556611194880.00
GM2noBHs 1.00 201 2 319582.61 -69.41 -9.41 -130.24 0.38 0.28 147.88 18545.66 3670798.41 0.0000024644 4.77 1862056793745281641349120.00
GM2noBHs 1.00 202 21 4279146.36 0.61 -1.54 -42.01 1.35 0.94 42.04 12344.68 21263972.48 0.0010257127 24.60 277007778166582083059712.00
GM2noBHs 1.00 203 2 424930.68 1.54 -5.49 -39.69 0.28 0.28 40.10 16054.25 14112482.89 0.0000887619 12.57 590406696442784133414912.00
GM2noBHs 1.00 204 2 302776.41 -98.36 4.15 -193.72 0.36 0.33 217.30 447174.16 22952718859.78 0.0000000997 31.46 1115246934640378664452096.00
GM2noBHs 1.00 205 13 2537261.42 9.43 -9.55 -42.73 1.27 0.79 44.78 14506.30 13414766.43 0.0001212757 9.25 512517684008664436834304.00
GM2noBHs 1.00 206 2 376306.01 -56.31 -12.64 -122.53 0.31 0.27 135.44 17489.41 2862004.61 0.0000017184 4.42 2002323360646689844101120.00
GM2noBHs 1.00 207 2 424172.15 -68.53 1.51 -111.17 0.47 0.47 130.60 21341.25 2184579.96 0.0000005348 2.73 3372776786342819120807936.00
GM2noBHs 1.00 208 2 363558.91 -55.83 -1.09 -106.42 0.52 0.45 120.19 17545.25 4105360.31 0.0000037712 4.82 1600990820436976271884288.00
GM2noBHs 1.00 209 2 424169.96 -54.58 -2.01 -102.36 0.38 0.38 116.02 15097.33 5323314.51 0.0000106646 11.25 1053128845628949552693248.00
GM2noBHs 1.00 210 2 383456.61 -52.63 -0.03 -103.52 0.37 0.34 116.14 13473.26 8203176.01 0.0000387808 11.33 635558588375066965180416.00
GM2noBHs 1.00 211 2 377225.15 -53.67 0.09 -102.08 0.43 0.37 115.33 14079.70 7994105.13 0.0000315656 5.52 694849569191885354827776.00
GM2noBHs 1.00 212 2 424312.85 -53.83 2.43 -101.46 0.34 0.34 114.88 16126.25 5855480.24 0.0000109566 6.66 1094800196760921366855680.00
GM2noBHs 1.00 213 2 368499.40 -54.19 3.45 -102.91 0.53 0.45 116.35 17348.20 4896156.43 0.0000061110 12.49 1397493837630074525843456.00
GM2noBHs 1.00 214 2 424172.26 -63.41 -0.14 -106.28 0.49 0.49 123.76 20280.46 3422301.95 0.0000015612 10.65 2287523933439455817367552.00
GM2noBHs 1.00 215 2 424172.15 -60.47 1.98 -105.58 0.15 0.15 121.69 19289.25 3457708.54 0.0000018687 2.63 2087520999056896235143168.00
GM2noBHs 1.00 217 3 588098.24 -51.59 -3.03 -104.52 0.53 0.33 116.60 16194.80 5332232.49 0.0000083828 4.20 1164446074426142878597120.00
GM2noBHs 1.00 218 2 429507.70 -51.85 -1.32 -106.89 0.46 0.45 118.80 15844.49 4554532.46 0.0000063203 4.06 1248087926442143176982528.00
GM2noBHs 1.00 219 3 591631.90 -52.14 -1.09 -102.75 0.68 0.45 115.23 14151.38 7141001.12 0.0000239790 7.85 758853149386276113219584.00
GM2noBHs 1.00 220 3 527453.38 -49.53 -10.53 -111.82 0.70 0.49 122.75 17297.37 5967110.99 0.0000090083 8.04 1199206634988753188290560.00
GM2noBHs 1.00 221 2 428798.65 -48.95 -10.43 -113.58 0.41 0.41 124.12 17932.23 5471272.67 0.0000064818 5.91 1351089351546717723426816.00
GM2noBHs 1.00 222 2 426042.86 -52.02 -9.51 -119.86 0.30 0.30 131.01 18316.97 4153028.12 0.0000032647 3.58 1690569327960075194597376.00
GM2noBHs 1.00 223 2 364293.48 -51.04 -10.71 -111.22 0.53 0.46 122.84 17503.38 4801092.47 0.0000054825 15.40 1427848780863739164360704.00
GM2noBHs 1.00 224 2 424468.47 -52.87 -9.27 -121.07 0.45 0.45 132.44 18737.28 3856077.98 0.0000026976 6.49 1860428965875573141274624.00
GM2noBHs 1.00 225 2 424945.38 -53.90 -9.54 -120.22 0.29 0.29 132.10 17420.45 3730225.63 0.0000030461 6.00 1674964695147532165054464.00
GM2noBHs 1.00 226 2 251933.05 -44.78 -13.53 -116.94 0.53 0.42 125.95 28735.92 3629033.89 0.0000004949 7.10 3948306007056938877059072.00
GM2noBHs 1.00 227 4 601108.67 -47.25 -12.47 -113.49 0.60 0.52 123.56 15457.29 6953379.00 0.0000173941 6.56 893470690206316861849600.00
GM2noBHs 1.00 228 2 323178.86 30.47 3.31 25.83 0.55 0.40 40.08 48241.33 13448758.38 0.0000002181 6.26 3876090868670355396886528.00
GM2noBHs 1.00 229 2 381305.12 29.12 6.24 29.43 0.10 0.09 41.87 17798.58 8296941.12 0.0000164836 3.64 1002228817212703409963008.00
GM2noBHs 1.00 230 5 1061496.52 29.60 18.46 26.94 0.63 0.46 44.08 15806.29 10310590.67 0.0000403501 5.25 711886758779914953949184.00
GM2noBHs 1.00 231 3 470733.25 42.30 23.83 9.82 0.24 0.15 49.53 22007.70 7524841.27 0.0000061093 7.39 1535830827941852155478016.00
GM2noBHs 1.00 232 2 425654.67 23.01 23.52 2.72 0.25 0.25 33.02 16205.28 10686714.16 0.0000405157 10.46 723336019296431196078080.00
GM2noBHs 1.00 233 3 553665.26 35.69 21.40 1.95 0.25 0.19 41.66 17060.92 7438602.93 0.0000147580 5.31 1007849540080940190007296.00
GM2noBHs 1.00 234 3 432683.66 10.05 12.82 14.01 0.65 0.33 21.48 16879.40 16411408.00 0.0001144640 16.78 575495608534167109763072.00
GM2noBHs 1.00 235 2 301090.89 7.84 10.51 10.97 0.12 0.09 17.09 15379.30 25464943.93 0.0006931399 30.44 350534331197303046537216.00
GM2noBHs 1.00 236 2 398138.96 166.58 -20.63 8.50 0.30 0.28 168.06 21383.06 2551165.54 0.0000007405 0.84 3032492797095072705282048.00
GM2noBHs 1.00 237 2 427464.59 55.02 -6.29 27.44 0.07 0.07 61.80 21385.82 4731302.11 0.0000025854 4.97 2007559640323009793753088.00
GM2noBHs 1.00 238 2 467871.67 88.39 -10.44 16.02 0.29 0.28 90.43 22224.16 2682750.95 0.0000007228 2.46 3130351245981920182403072.00
GM2noBHs 1.00 239 2 424272.29 112.35 -8.62 15.64 0.48 0.48 113.76 25517.10 2238958.94 0.0000003113 7.04 4484991125979168329695232.00
GM2noBHs 1.00 240 2 429727.79 -2.81 -1.78 -42.72 0.49 0.48 42.85 19765.95 8623649.98 0.0000136844 6.07 1196725096796910845427712.00
GM2noBHs 1.00 241 2 425570.31 121.64 -18.00 11.67 0.40 0.40 123.52 22579.19 2149246.71 0.0000004335 6.02 3754975424360109303660544.00
GM2noBHs 1.00 242 3 642386.74 70.20 -12.62 -3.79 0.37 0.28 71.42 21731.95 3790707.40 0.0000015382 4.82 2398434601609463169286144.00
GM2noBHs 1.00 243 8 1396196.39 5.38 10.85 10.87 0.70 0.42 16.27 12414.07 36793601.97 0.0039849910 28.58 171637474553502061559808.00
GM2noBHs 1.00 244 2 435987.77 22.51 28.07 -7.86 0.48 0.48 36.83 17021.63 9772283.08 0.0000270978 3.10 834117193302386642255872.00
GM2noBHs 1.00 245 3 647879.54 14.15 20.89 -3.53 0.17 0.13 25.48 12298.11 18462839.23 0.0005971931 7.35 302383777748546935062528.00
GM2noBHs 1.00 246 5 949309.19 12.45 9.58 11.55 0.84 0.72 19.50 46619.49 62075255.04 0.0001237976 18.80 1311821227200767355518976.00
GM2noBHs 1.00 247 10 1414688.43 -6.54 14.91 1.00 0.94 0.35 16.31 10917.85 88169102.59 0.0297690998 21.56 64005124415369087287296.00
GM2noBHs 1.00 248 2 425324.84 13.62 19.67 -7.16 0.15 0.15 24.97 13124.13 17241421.25 0.0003544004 6.63 358826810888413104832512.00
GM2noBHs 1.00 249 2 383416.75 2.30 11.26 10.17 0.24 0.20 15.34 12658.08 33893118.98 0.0029318315 11.75 192332633194105602572288.00
GM2noBHs 1.00 250 2 436534.58 21.56 12.65 16.09 0.45 0.44 29.73 22256.29 11975780.60 0.0000145889 15.88 1141282618952925023567872.00
GM2noBHs 1.00 251 2 346365.36 41.23 -10.98 29.23 0.35 0.32 51.72 19299.64 9318884.36 0.0000176051 18.78 1070896544505567368970240.00
GM2noBHs 1.00 252 16 2100683.67 -8.65 12.31 3.06 0.99 0.57 15.35 22069.52 326164164.28 0.0580195852 34.38 110738705251921781850112.00
GM2noBHs 1.00 253 3 299745.18 -9.99 10.31 4.71 0.84 0.41 15.11 65445.24 659175975.61 0.0261336671 38.23 464048078761486205321216.00
GM2noBHs 1.00 254 5 738861.50 -13.54 6.59 4.54 1.32 0.64 15.73 70277.98 949152489.69 0.0069732700 34.12 455743586453254609829888.00
GM2noBHs 1.00 255 14 1793300.56 -12.19 8.70 5.03 1.96 1.23 15.80 11439.40 73256499.81 0.0209871781 38.95 84182257344327479984128.00
GM2noBHs 1.00 256 3 646914.76 -12.16 5.37 7.92 0.17 0.12 15.47 11131.42 64802200.62 0.0172770203 8.06 83653001259022083424256.00
GM2noBHs 1.00 257 3 312867.41 -13.78 2.33 5.78 0.16 0.13 15.12 11291.15 82201177.96 0.0251755164 11.85 68934883234435890675712.00
GM2noBHs 1.00 258 7 847045.89 -6.94 13.32 2.48 1.05 0.58 15.22 56070.76 868731018.29 0.0300817606 41.11 300339664239151500230656.00
GM2noBHs 1.00 259 3 474668.17 -6.70 18.68 0.67 0.26 0.19 19.86 11645.05 35813300.47 0.0044771457 16.30 155601199399796310278144.00
GM2noBHs 1.00 260 4 485288.38 -10.77 10.30 6.85 0.58 0.40 16.40 11444.69 48655824.67 0.0112100223 14.57 110080695425849985335296.00
GM2noBHs 1.00 261 11 1334545.91 -13.91 0.64 6.87 2.00 1.05 15.52 11407.61 73463318.39 0.0212230777 28.46 84343427271668751400960.00
GM2noBHs 1.00 262 2 316277.22 -21.01 0.84 -68.19 0.27 0.20 71.36 22111.59 6556542.72 0.0000046311 8.02 1705313470196611433889792.00
GM2noBHs 1.00 263 3 309781.84 -16.81 0.28 7.69 0.66 0.42 18.48 11021.91 38996447.87 0.0076196616 12.65 123658126367026923438080.00
GM2noBHs 1.00 264 6 1166341.25 -21.72 -0.79 -67.49 1.01 0.72 70.90 19180.77 6439084.93 0.0000072818 10.86 1358505120183452178579456.00
GM2noBHs 1.00 265 2 434443.02 -22.02 0.86 -68.53 0.17 0.16 71.98 22618.90 6297720.25 0.0000038106 12.57 1815942341667800863473664.00
GM2noBHs 1.00 266 11 1437101.28 -14.33 4.58 6.68 2.04 0.91 16.46 26772.14 209083341.04 0.0094565228 32.61 224097465077539302014976.00
GM2noBHs 1.00 267 3 500476.46 -8.53 14.52 3.16 0.21 0.20 17.13 11156.49 53021130.87 0.0130478307 10.09 97166962991669824192512.00
GM2noBHs 1.00 268 2 172898.40 -9.43 13.92 0.41 0.56 0.46 16.82 12667.87 31910359.95 0.0028559890 20.47 199509132775101028106240.00
GM2noBHs 1.00 269 4 705978.09 -16.02 1.56 7.74 0.38 0.27 17.86 17438.30 118692488.34 0.0125043948 14.69 141414028188565395996672.00
GM2noBHs 1.00 270 2 362230.78 10.03 6.45 14.63 0.04 0.03 18.87 13288.09 27796025.80 0.0015140470 8.15 248130960056920863408128.00
GM2noBHs 1.00 271 3 515355.37 -10.69 15.77 2.38 0.88 0.50 19.20 11879.82 34610448.15 0.0037793135 14.81 167486087843173489442816.00
GM2noBHs 1.00 272 4 226563.92 -13.04 9.15 2.38 0.53 0.43 16.11 12432.03 37275240.42 0.0042338744 46.60 167860792906593098268672.00
GM2noBHs 1.00 273 3 662113.08 9.87 2.25 -20.18 0.41 0.30 22.58 17822.67 13805362.25 0.0000542454 6.98 715485836149859838590976.00
GM2noBHs 1.00 274 3 558119.96 8.43 -2.81 -37.22 0.67 0.41 38.27 62217.12 24051748.42 0.0000000812 8.34 4044391515470446884552704.00
GM2noBHs 1.00 275 2 424173.52 -14.92 2.27 -63.24 0.49 0.49 65.02 21549.75 7075911.89 0.0000058799 4.91 1556081611132147538591744.00
GM2noBHs 1.00 276 20 3968345.98 -15.57 -1.22 -57.42 1.49 0.93 59.50 12003.62 15705798.24 0.0004744659 14.57 332617687438051227205632.00
GM2noBHs 1.00 277 2 306417.00 217.11 -58.51 44.64 0.61 0.44 229.25 22088.80 2065883.50 0.0000004324 1.76 3703507441245830617497600.00
GM2noBHs 1.00 278 2 240808.08 222.95 -52.30 46.58 0.39 0.31 233.69 20974.65 2352849.45 0.0000006788 3.08 3101853775521045882601472.00
GM2noBHs 1.00 279 2 357832.03 224.29 -61.59 48.17 0.46 0.46 237.53 19995.24 1482891.18 0.0000003013 1.63 3900992164630008348803072.00
GM2noBHs 1.00 280 2 428368.63 226.00 -54.23 44.74 0.30 0.29 236.69 16408.17 3042595.25 0.0000023683 4.22 1721225059619999294947328.00
GM2noBHs 1.00 281 2 396943.23 226.63 -54.67 42.46 0.40 0.38 236.96 16303.08 3219593.44 0.0000027126 3.40 1643488430112594833965056.00
GM2noBHs 1.00 282 2 306668.95 220.26 -35.11 34.35 0.40 0.29 225.67 21102.38 2294812.20 0.0000006277 3.38 3186729700937733668601856.00
GM2noBHs 1.00 283 2 424196.14 220.01 -41.40 34.13 0.41 0.41 226.46 17036.47 2916435.43 0.0000019193 2.32 1894670533622402018967552.00
GM2noBHs 1.00 284 3 549515.16 212.66 -33.76 32.52 0.96 0.66 217.77 18840.40 2639720.78 0.0000012018 4.61 2411673915738548948959232.00
GM2noBHs 1.00 285 2 399508.99 214.48 -36.92 31.99 0.37 0.35 219.98 18992.37 2727496.85 0.0000012313 5.96 2372020564992931550724096.00
GM2noBHs 1.00 286 2 308230.02 218.11 -39.89 35.56 0.24 0.23 224.56 18162.69 2700985.62 0.0000013647 3.11 2219056301297390780940288.00
GM2noBHs 1.00 287 2 432419.09 216.44 -42.40 30.29 0.14 0.14 222.62 18542.04 2637801.81 0.0000012214 0.51 2337591944125816797921280.00
GM2noBHs 1.00 288 4 677987.95 211.81 -21.64 12.44 0.71 0.48 213.27 20796.80 2092031.87 0.0000005470 3.62 3296356227618616234737664.00
GM2noBHs 1.00 289 2 269913.37 214.59 -23.89 9.76 0.54 0.42 216.14 22713.95 1698020.41 0.0000002727 9.00 4398541529997399900028928.00
GM2noBHs 1.00 290 2 270479.63 234.64 -57.60 45.54 0.65 0.40 245.87 22289.87 1602974.21 0.0000002558 1.85 4428685806829646366375936.00
GM2noBHs 1.00 291 2 379460.55 194.35 -99.58 88.62 0.46 0.43 235.67 19249.89 2341988.00 0.0000008754 6.76 2683789518804059624046592.00
GM2noBHs 1.00 292 2 216763.05 195.64 -94.35 81.02 0.23 0.22 231.82 20391.60 1993426.45 0.0000005295 6.09 3281985070626159546335232.00
GM2noBHs 1.00 293 2 429369.57 204.19 -96.56 86.72 0.35 0.35 241.94 17591.27 2546202.40 0.0000013464 3.84 2189106360869185338212352.00
GM2noBHs 1.00 294 2 369920.01 206.45 -94.62 80.88 0.46 0.41 241.08 17421.30 2104654.81 0.0000009289 1.46 2439872442707058156896256.00
GM2noBHs 1.00 295 2 330157.71 232.47 -70.43 49.54 0.53 0.41 247.90 22060.74 1440915.58 0.0000002126 2.27 4694053248540479460474880.00
GM2noBHs 1.00 296 2 157163.41 211.12 -98.01 73.81 0.40 0.39 244.18 24027.17 1503188.72 0.0000001764 7.84 5250144878543039184764928.00
GM2noBHs 1.00 297 2 142531.55 220.38 -88.25 77.41 0.58 0.46 249.69 16591.33 2225827.84 0.0000012192 8.95 2171628741506095411888128.00
GM2noBHs 1.00 298 2 355187.95 213.56 -90.44 76.55 0.34 0.31 244.23 17079.17 2836302.17 0.0000018660 0.93 1916017290421551375581184.00
GM2noBHs 1.00 299 3 639670.63 210.57 -91.48 75.72 0.56 0.51 241.75 17125.52 3146154.92 0.0000022528 3.24 1810970320174396068593664.00
GM2noBHs 1.00 300 2 218543.80 219.74 -87.39 85.11 0.61 0.43 251.33 15367.82 3369845.87 0.0000036491 3.02 1434152585612679882735616.00
GM2noBHs 1.00 301 2 452177.95 214.63 -85.62 90.67 0.42 0.41 248.23 13478.39 7336815.34 0.0000303514 3.22 677533105019542810132480.00
GM2noBHs 1.00 302 3 409289.92 213.75 -89.98 89.62 0.86 0.48 248.63 14115.76 6163240.02 0.0000178696 3.74 827287213620570410188800.00
GM2noBHs 1.00 303 2 263569.66 219.39 -97.01 68.88 0.58 0.48 249.58 18772.56 1416836.32 0.0000003334 2.32 3612492737545955084075008.00
GM2noBHs 1.00 304 2 424199.41 220.00 -91.29 60.88 0.40 0.40 245.85 18790.60 1568638.50 0.0000004046 1.69 3393744614068145740578816.00
GM2noBHs 1.00 305 2 255488.96 216.07 -95.24 87.28 0.36 0.30 251.75 16049.87 3749565.05 0.0000040463 3.53 1435045071414081110409216.00
GM2noBHs 1.00 306 2 311746.61 212.55 -85.13 84.48 0.35 0.35 244.05 17235.88 2624930.87 0.0000015357 5.01 2055651931500508652503040.00
GM2noBHs 1.00 307 2 376494.59 212.88 -78.20 67.62 0.56 0.48 236.65 24272.90 1488389.00 0.0000001678 6.19 5374847610652515731767296.00
GM2noBHs 1.00 308 2 130937.00 219.02 -83.61 84.61 0.46 0.45 249.23 16844.23 2344111.51 0.0000012973 7.60 2134722742391549198336000.00
GM2noBHs 1.00 309 2 178418.23 214.65 -87.85 76.59 0.41 0.31 244.25 19228.89 2288449.32 0.0000008400 4.92 2715615877764986689290240.00
GM2noBHs 1.00 310 2 433365.48 219.31 -63.82 52.17 0.31 0.30 234.29 20791.55 2308751.75 0.0000006552 5.00 3101319485367908076355584.00
GM2noBHs 1.00 311 2 125238.35 215.12 -70.15 56.65 0.35 0.28 233.26 22711.69 2216631.70 0.0000004720 11.55 3684486374333773848248320.00
GM2noBHs 1.00 312 2 313574.75 215.26 -71.27 62.05 0.54 0.40 235.09 21981.96 1527417.84 0.0000002404 1.58 4485529805568434308644864.00
GM2noBHs 1.00 313 2 375872.83 204.86 -54.95 52.61 0.34 0.30 218.53 32169.34 2250674.33 0.0000001351 3.60 6536672844663353237307392.00
GM2noBHs 1.00 314 2 457990.87 188.17 -46.30 59.84 0.14 0.14 202.81 20041.20 2045602.37 0.0000005768 1.82 3153205043712833959755776.00
GM2noBHs 1.00 315 2 280880.73 205.79 -76.32 67.84 0.42 0.37 229.73 26605.76 1639961.75 0.0000001503 3.18 5881753009657907624542208.00
GM2noBHs 1.00 316 2 295802.94 188.97 -89.76 100.55 0.39 0.36 232.12 15152.59 3706687.85 0.0000047048 0.96 1312792343938714103185408.00
GM2noBHs 1.00 317 2 148758.36 191.75 -92.46 96.72 0.58 0.45 233.82 15866.50 3988669.86 0.0000048097 4.82 1351360099654344512634880.00
GM2noBHs 1.00 318 2 243083.05 190.85 -90.69 94.04 0.65 0.46 231.28 16355.59 3448546.82 0.0000031734 5.02 1568855637445105363714048.00
GM2noBHs 1.00 319 2 395272.08 186.21 -96.13 99.19 0.41 0.41 231.85 15223.01 4440794.82 0.0000068497 6.05 1173317456122065461444608.00
GM2noBHs 1.00 320 2 308746.60 188.12 -100.61 103.00 0.35 0.34 236.90 17017.87 2767807.54 0.0000017732 5.03 1948610808865791447924736.00
GM2noBHs 1.00 321 2 263822.30 181.72 -90.48 87.39 0.49 0.30 221.01 19303.11 2599698.30 0.0000010713 8.55 2513805253437023286460416.00
GM2noBHs 1.00 322 2 316168.78 184.54 -95.05 99.18 0.26 0.19 230.06 14905.65 4414548.36 0.0000071886 2.03 1137294610350886707265536.00
GM2noBHs 1.00 323 2 312250.01 206.65 -84.37 99.74 0.52 0.47 244.48 15107.36 4386822.00 0.0000068783 4.40 1165050794823277193723904.00
GM2noBHs 1.00 324 2 276270.85 203.94 -85.42 100.57 0.49 0.39 242.91 14551.95 4329702.51 0.0000075644 2.98 1107484302703754934747136.00
GM2noBHs 1.00 325 2 269779.89 215.01 -78.39 105.23 0.17 0.15 251.89 18142.24 2444418.66 0.0000011352 3.95 2354236734370167719460864.00
GM2noBHs 1.00 326 2 247357.99 214.20 -81.13 105.65 0.54 0.45 252.24 15892.54 3089132.89 0.0000027806 1.98 1613350694642390424092672.00
GM2noBHs 1.00 327 2 225907.75 209.48 -81.72 101.04 0.28 0.28 246.51 15227.73 3952190.56 0.0000053297 4.31 1268249857059233281867776.00
GM2noBHs 1.00 328 2 210549.73 208.99 -84.19 108.74 0.44 0.42 250.17 18089.05 3457145.21 0.0000023751 10.38 1855073560903274721181696.00
GM2noBHs 1.00 329 2 263015.90 212.23 -83.66 100.95 0.37 0.30 249.46 14774.21 4856678.64 0.0000091953 2.93 1047509232135929975537664.00
GM2noBHs 1.00 330 2 342695.91 206.82 -78.30 97.51 0.23 0.19 241.68 16942.93 2483956.31 0.0000014343 8.13 2074989062264103148453888.00
GM2noBHs 1.00 331 2 215192.30 208.92 -79.56 99.10 0.47 0.42 244.54 16155.01 3691839.68 0.0000038563 4.68 1469334071229601642708992.00
GM2noBHs 1.00 332 2 406095.09 203.02 -96.20 110.57 0.52 0.46 250.39 15692.76 3055387.66 0.0000027965 3.43 1590921538994131288719360.00
GM2noBHs 1.00 333 2 273631.13 202.54 -88.36 98.20 0.53 0.42 241.82 14376.96 5505188.44 0.0000132056 2.88 919161558970109381312512.00
GM2noBHs 1.00 334 2 266417.23 201.11 -77.62 104.96 0.66 0.41 239.76 22248.02 1649107.10 0.0000002775 7.92 4337535980637815822090240.00
GM2noBHs 1.00 335 2 316415.73 205.68 -94.22 98.26 0.62 0.46 246.65 15362.38 4495638.95 0.0000069161 2.25 1179166182954591464718336.00
GM2noBHs 1.00 336 2 223905.06 202.91 -98.52 108.97 0.28 0.24 250.50 15832.08 2258995.97 0.0000014297 1.23 1974427816330255029764096.00
GM2noBHs 1.00 337 2 304508.69 193.97 -91.46 105.40 0.55 0.44 238.95 14394.17 3847266.67 0.0000059480 0.58 1172933631049141518860288.00
GM2noBHs 1.00 338 2 281339.68 193.90 -85.57 105.27 0.38 0.35 236.64 15844.04 3438380.55 0.0000034891 1.38 1487431933383640501714944.00
GM2noBHs 1.00 339 2 441874.93 194.91 -94.70 109.80 0.51 0.49 242.93 15035.34 3847424.08 0.0000052150 1.13 1262949769442376955199488.00
GM2noBHs 1.00 340 2 261302.45 187.56 -94.38 112.75 0.53 0.50 238.32 15466.19 3238109.93 0.0000032877 1.25 1489253593662005887107072.00
GM2noBHs 1.00 341 3 466270.47 210.42 -89.74 100.12 0.92 0.66 249.71 13238.27 7048960.72 0.0000296825 3.25 678763866513764889133056.00
GM2noBHs 1.00 342 2 258483.61 213.39 -89.45 99.07 0.50 0.42 251.69 13506.94 6973403.76 0.0000269916 0.78 705115776264371171229696.00
GM2noBHs 1.00 343 2 231820.07 213.02 -89.65 101.29 0.47 0.39 252.34 13403.12 6624278.81 0.0000246234 2.98 720362888075942438109184.00
GM2noBHs 1.00 344 2 438114.99 210.91 -91.80 99.57 0.48 0.47 250.65 12765.78 8686831.36 0.0000564710 2.23 551308625938591428640768.00
GM2noBHs 1.00 345 2 271542.02 210.41 -91.38 100.94 0.56 0.44 250.62 12921.58 8111568.38 0.0000451616 2.99 590341267753071378694144.00
GM2noBHs 1.00 346 2 162976.69 210.56 -86.78 106.62 0.46 0.34 251.47 15375.09 4147735.90 0.0000057714 2.68 1246188942552600447811584.00
GM2noBHs 1.00 347 2 182373.78 208.84 -87.55 97.83 0.67 0.44 246.68 13780.33 5720196.25 0.0000163396 1.90 834729540877377735753728.00
GM2noBHs 1.00 348 2 381518.34 214.00 -87.01 100.48 0.52 0.43 251.92 13791.54 6215523.91 0.0000195887 1.91 789291726713324463718400.00
GM2noBHs 1.00 349 2 245465.73 215.65 -82.71 88.89 0.58 0.49 247.48 15769.25 4148535.37 0.0000055790 10.44 1315710121943457731706880.00
GM2noBHs 1.00 350 2 222479.46 217.31 -86.60 92.03 0.45 0.35 251.38 13611.46 6948930.78 0.0000261511 4.60 714389172695408446537728.00
GM2noBHs 1.00 351 2 218360.88 212.84 -87.42 93.22 0.43 0.29 248.26 14184.76 6155814.91 0.0000176224 1.94 832355161739122255593472.00
GM2noBHs 1.00 352 2 434204.83 202.03 -81.10 94.58 0.39 0.38 237.36 18665.46 2670382.19 0.0000012490 8.21 2328819967300627079364608.00
GM2noBHs 1.00 353 2 187875.06 196.80 -82.08 105.48 0.54 0.49 237.89 17390.05 2672955.56 0.0000015506 8.20 2066631382595508507770880.00
GM2noBHs 1.00 354 2 284255.85 198.86 -74.70 24.59 0.40 0.37 213.85 25824.08 821109.61 0.0000000419 3.60 8869300328772917941764096.00
GM2noBHs 1.00 355 2 316165.48 203.52 -75.00 32.09 0.39 0.38 219.26 21125.13 943578.92 0.0000001019 1.65 5780823045369098519183360.00
GM2noBHs 1.00 356 2 368662.01 187.63 -70.72 38.89 0.38 0.32 204.26 24123.14 1324623.46 0.0000001359 6.05 5749132770769647741960192.00
GM2noBHs 1.00 357 2 341507.74 190.44 -88.30 91.11 0.65 0.50 228.83 18006.46 2271220.22 0.0000010070 5.44 2452133028510874797604864.00
GM2noBHs 1.00 358 2 273626.09 196.87 -84.77 99.97 0.50 0.41 236.51 17392.54 2746870.25 0.0000016461 1.29 2029703436964273714102272.00
GM2noBHs 1.00 359 2 231903.47 198.42 -82.48 97.03 0.19 0.16 235.77 21699.76 2809311.92 0.0000008743 4.72 2895989769781931126292480.00
GM2noBHs 1.00 360 2 425006.35 193.11 -47.14 47.02 0.15 0.15 204.27 20870.28 2218265.58 0.0000006005 2.05 3198515462281235278069760.00
GM2noBHs 1.00 361 2 277395.15 198.95 -88.68 100.28 0.59 0.44 239.79 15276.01 4029628.27 0.0000055299 2.95 1257214741401952034226176.00
GM2noBHs 1.00 362 2 385603.41 194.33 -96.88 99.32 0.41 0.35 238.78 15764.75 4057731.37 0.0000051219 1.45 1321200598269264561963008.00
GM2noBHs 1.00 363 2 394231.44 221.93 -82.67 83.86 0.55 0.47 251.24 16968.05 3261453.27 0.0000025851 4.25 1737633500499496012873728.00
GM2noBHs 1.00 364 2 446906.67 230.00 -64.07 79.66 0.41 0.40 251.69 25747.63 1913907.39 0.0000002280 8.11 5007158381538210832449536.00
GM2noBHs 1.00 365 2 450832.06 226.27 -68.97 75.84 0.45 0.42 248.41 21799.94 1599205.95 0.0000002717 2.32 4287532854524032661323776.00
GM2noBHs 1.00 366 2 253149.14 -13.50 -3.14 7.04 0.43 0.35 15.55 11568.75 54093796.93 0.0125312283 5.82 102611120986649861816320.00
GM2noBHs 1.00 367 5 824226.44 -13.87 -4.89 7.45 0.66 0.40 16.48 10584.13 60881345.27 0.0175893471 17.29 79760202560689930240000.00
GM2noBHs 1.00 368 2 246132.20 -15.96 5.55 9.79 0.52 0.42 19.52 11483.69 31330005.59 0.0034051989 9.67 169013446638818780250112.00
GM2noBHs 1.00 369 2 424572.86 -14.82 13.71 0.48 0.00 0.00 20.19 11364.85 28352923.60 0.0025859755 0.44 182655552544189156687872.00
GM2noBHs 1.00 370 5 1019377.44 -20.16 2.96 -62.85 0.77 0.55 66.07 18727.20 6476975.70 0.0000079672 8.96 1305288073436190524571648.00
GM2noBHs 1.00 371 2 236923.43 -17.01 8.77 5.20 0.35 0.31 19.83 11190.91 33295723.38 0.0043818900 26.37 150929638331297464057856.00
GM2noBHs 1.00 372 5 1105540.22 -16.60 2.68 -62.49 0.64 0.53 64.71 20905.85 9285604.10 0.0000121147 14.89 1229295330594893466697728.00
GM2noBHs 1.00 373 2 238105.09 -16.32 8.14 3.33 0.05 0.04 18.55 11297.74 33185634.75 0.0041971020 3.96 154181654620216714330112.00
GM2noBHs 1.00 374 3 221847.85 -11.69 11.98 0.15 0.82 0.46 16.74 11959.11 32413266.80 0.0033078417 22.73 176080594329134486781952.00
GM2noBHs 1.00 375 22 4654513.21 -17.10 -10.16 -47.82 1.90 0.82 51.80 12230.52 17698565.70 0.0006455303 17.19 317902060738981117558784.00
GM2noBHs 1.00 376 17 3369661.17 -26.01 -10.20 -60.00 2.03 1.05 66.19 14668.95 11184571.54 0.0000729503 15.74 603049772583731293323264.00
GM2noBHs 1.00 377 2 433396.43 -23.76 -21.62 3.34 0.11 0.11 32.30 16854.53 11339904.23 0.0000402290 14.42 745561864134678099787776.00
GM2noBHs 1.00 378 3 403869.79 -16.93 -2.28 7.97 0.27 0.20 18.85 10745.42 37700988.79 0.0076192104 8.77 120270322137829121982464.00
GM2noBHs 1.00 379 13 2680392.66 -26.46 -7.04 -71.79 1.65 1.06 76.84 16360.59 8443562.56 0.0000227933 14.37 868531570215739346386944.00
GM2noBHs 1.00 380 4 818967.25 -24.84 -15.18 -81.91 0.58 0.44 86.93 12532.59 11123718.62 0.0001262249 7.59 459158423358156641927168.00
GM2noBHs 1.00 381 2 428458.45 -26.19 -14.76 -83.38 0.18 0.18 88.64 12661.59 11426436.99 0.0001195471 5.37 453955288651261552885760.00
GM2noBHs 1.00 382 6 1254713.69 -24.42 -15.59 -83.79 1.19 0.77 88.66 12610.72 11567185.04 0.0001358546 7.06 452197263573130999234560.00
GM2noBHs 1.00 383 2 372097.85 -24.71 -18.36 -88.89 0.14 0.12 94.06 35467.71 5532648.72 0.0000003650 5.45 4231978374078572728942592.00
GM2noBHs 1.00 384 2 381811.27 -26.23 -16.15 -80.73 0.52 0.47 86.41 14192.20 8705382.46 0.0000454240 11.76 680591856394624001114112.00
GM2noBHs 1.00 385 2 318102.14 -25.31 -16.97 -82.21 0.67 0.49 87.67 12588.73 9681303.60 0.0000784150 2.06 503825294136854810984448.00
GM2noBHs 1.00 386 3 576029.16 -27.01 -16.68 -82.06 0.76 0.45 87.99 12527.87 10675152.49 0.0001067283 16.30 469259692280685006946304.00
GM2noBHs 1.00 387 4 730386.00 197.19 -75.20 84.20 0.89 0.50 227.22 19158.47 2678348.54 0.0000011584 4.74 2433255540955263574999040.00
GM2noBHs 1.00 388 2 343217.54 194.22 -76.51 89.81 0.21 0.16 227.24 37674.84 3282799.91 0.0000001588 6.88 6560878489857029113380864.00
GM2noBHs 1.00 389 2 274139.49 196.07 -93.27 95.90 0.58 0.49 237.36 15918.76 3350163.12 0.0000032249 2.41 1529241788102418834128896.00
GM2noBHs 1.00 390 2 175853.29 208.19 -80.19 86.17 0.59 0.48 239.16 21255.20 1687980.85 0.0000003359 5.68 3982477495940333732626432.00
GM2noBHs 1.00 391 2 421784.50 204.62 -25.22 21.06 0.49 0.49 207.24 23625.56 2094980.69 0.0000003707 2.51 4099761909238781777543168.00
GM2noBHs 1.00 392 5 957853.57 203.49 -21.67 21.30 0.62 0.47 205.75 19914.12 2749458.80 0.0000010768 6.84 2557699150415888688087040.00
GM2noBHs 1.00 393 2 287816.28 148.07 -28.78 11.57 0.46 0.31 151.28 19100.09 3007163.67 0.0000014567 4.14 2252910428278161261199360.00
GM2noBHs 1.00 394 2 427598.98 209.41 -31.80 28.97 0.21 0.21 213.78 21152.95 2476400.51 0.0000007241 2.95 3039308062039546016038912.00
GM2noBHs 1.00 395 2 427225.04 188.03 -15.68 8.95 0.12 0.12 188.89 17664.17 3863537.05 0.0000031315 0.66 1668992979602343911751680.00
GM2noBHs 1.00 396 2 430414.60 197.89 -38.17 15.60 0.39 0.38 202.14 25812.05 1788839.78 0.0000001966 5.49 5292719701097987918790656.00
GM2noBHs 1.00 397 3 636311.70 194.71 -35.63 11.02 0.62 0.49 198.25 25696.63 1639480.89 0.0000001674 3.35 5569512870953736256618496.00
GM2noBHs 1.00 398 2 266274.67 228.64 -48.21 53.41 0.55 0.43 239.69 24784.43 1242440.29 0.0000001078 8.18 6306267682737888545472512.00
GM2noBHs 1.00 399 2 282064.78 229.66 -86.64 56.14 0.35 0.23 251.79 19469.68 1681978.80 0.0000004247 2.30 3414704680849924434165760.00
GM2noBHs 1.00 400 2 277405.78 227.65 -89.00 61.05 0.37 0.32 251.94 18680.05 1614426.10 0.0000004443 2.84 3277928893125101239664640.00
GM2noBHs 1.00 401 2 342966.32 220.27 -66.56 52.20 0.45 0.36 235.96 20034.25 2218714.18 0.0000006846 3.38 2982567707411860345061376.00
GM2noBHs 1.00 402 2 222999.32 208.42 -91.23 95.55 0.47 0.39 246.76 14126.76 6341655.84 0.0000189407 3.01 811279585390460904931328.00
GM2noBHs 1.00 403 2 275787.98 212.54 -88.01 96.56 0.51 0.41 249.49 13744.35 6241711.72 0.0000200343 3.00 782708950644832063193088.00
GM2noBHs 1.00 404 2 399963.84 211.01 -87.57 91.79 0.41 0.37 246.21 14322.25 5116303.52 0.0000113434 0.77 959020430679226082918400.00
GM2noBHs 1.00 405 2 265883.09 207.02 -89.82 93.47 0.62 0.39 244.25 13977.18 5700731.25 0.0000156777 9.29 863672574723575003480064.00
GM2noBHs 1.00 406 2 400950.90 212.32 -92.25 93.81 0.41 0.39 249.78 13958.09 6769829.39 0.0000228991 2.88 764294275871970911322112.00
GM2noBHs 1.00 407 2 311074.49 204.29 -90.15 94.83 0.25 0.25 242.60 14903.07 5341209.04 0.0000109778 1.95 1000142889582499842752512.00
GM2noBHs 1.00 408 2 382678.70 187.21 -30.74 24.75 0.32 0.29 191.32 22221.74 2226784.90 0.0000004983 1.30 3555251867374191724462080.00
GM2noBHs 1.00 409 2 424189.67 184.94 -30.97 27.23 0.18 0.18 189.48 20374.04 2227703.86 0.0000006495 2.70 3069877164799071067570176.00
GM2noBHs 1.00 410 4 755425.21 153.68 -40.75 55.79 0.29 0.17 168.49 17248.48 3221164.31 0.0000022841 1.75 1807417914315954941067264.00
GM2noBHs 1.00 411 2 424181.74 152.75 -39.65 55.14 0.16 0.16 167.17 18722.94 2842136.22 0.0000013855 1.65 2255963689635612834398208.00
GM2noBHs 1.00 412 2 424171.39 -56.03 -3.74 -97.06 0.34 0.34 112.13 15083.43 5143333.80 0.0000096681 4.96 1057750718282999181344768.00
GM2noBHs 1.00 413 3 464654.67 -56.26 -2.06 -96.58 0.70 0.42 111.79 15768.12 5904020.78 0.0000113758 11.29 1031162771913233972330496.00
GM2noBHs 1.00 414 3 601435.01 -57.65 -5.21 -96.70 0.67 0.50 112.70 17499.17 4333391.97 0.0000043679 10.87 1525019507596158629314560.00
GM2noBHs 1.00 415 2 314436.29 -57.09 -7.78 -98.04 0.63 0.46 113.72 25093.43 3727768.48 0.0000009514 8.63 3083539638621771021680640.00
GM2noBHs 1.00 416 4 825992.75 -41.51 -3.18 -83.84 0.76 0.60 93.61 20851.92 5179990.91 0.0000035068 10.45 1816364489058640256303104.00
GM2noBHs 1.00 417 3 640152.97 -29.76 -1.80 -69.96 0.47 0.43 76.05 19640.22 6320892.34 0.0000065817 3.52 1438142110334727512653824.00
GM2noBHs 1.00 418 2 440224.38 -28.39 -9.57 -60.67 0.37 0.36 67.66 20726.37 8180094.10 0.0000110080 7.18 1348737669238223781494784.00
GM2noBHs 1.00 419 3 505768.70 -33.24 -18.62 -87.19 0.66 0.56 95.15 19162.04 3703904.17 0.0000022159 11.78 1967608017081385099460608.00
GM2noBHs 1.00 420 2 444675.68 -28.54 -19.60 -86.26 0.32 0.31 92.95 19752.84 4268318.71 0.0000027202 3.81 1882210283549405577478144.00
GM2noBHs 1.00 421 10 1815546.75 -28.07 -17.67 -19.07 0.52 0.34 38.26 13994.53 18197123.09 0.0003301968 9.21 385176348991970659532800.00
GM2noBHs 1.00 422 2 436958.92 -42.71 -4.91 -83.92 0.30 0.29 94.29 18379.08 5003265.21 0.0000048359 9.29 1501037970289313666039808.00
GM2noBHs 1.00 423 2 424286.12 -43.32 -3.24 -82.70 0.42 0.42 93.41 18548.43 5157362.53 0.0000050474 4.23 1494287310026298433208320.00
GM2noBHs 1.00 424 3 553890.19 -93.08 -13.41 -84.86 0.68 0.45 126.67 21544.60 2662605.28 0.0000007847 3.66 2994497384741919929663488.00
GM2noBHs 1.00 425 2 433174.49 -26.83 -17.83 -84.81 0.41 0.41 90.73 15539.72 6662579.73 0.0000162506 16.99 938666714279771585380352.00
GM2noBHs 1.00 426 3 590813.07 -28.70 -21.44 -88.06 0.56 0.48 95.07 20813.88 4126961.52 0.0000021714 14.24 2104906707025502792581120.00
GM2noBHs 1.00 427 6 1117435.96 -43.82 -29.34 -81.36 0.79 0.57 96.96 19333.68 3640764.55 0.0000021322 7.66 2016972801510803735838720.00
GM2noBHs 1.00 428 3 570669.62 -47.85 -24.44 -80.72 1.11 0.68 96.97 23589.67 3388720.82 0.0000009515 6.71 2954366673608981247688704.00
GM2noBHs 1.00 429 2 325734.05 -94.00 -13.91 -84.52 0.45 0.44 127.17 22279.85 2609652.54 0.0000006732 2.10 3210260970593016403197952.00
GM2noBHs 1.00 430 2 327358.90 -45.95 4.84 -91.40 0.19 0.19 102.42 23263.57 3784184.58 0.0000012197 8.15 2694535324439933953769472.00
GM2noBHs 1.00 431 2 446503.60 -51.51 -10.98 -109.62 0.40 0.38 121.61 21749.64 3788281.26 0.0000016782 16.84 2420303754520510030938112.00
GM2noBHs 1.00 432 2 424173.44 -45.36 5.00 -87.02 0.30 0.30 98.27 19131.91 5075683.82 0.0000044093 6.54 1590458987091464684568576.00
GM2noBHs 1.00 433 2 374888.84 -53.52 -2.79 -93.84 0.56 0.49 108.07 15584.51 6331182.25 0.0000136054 5.54 970187948053097214902272.00
GM2noBHs 1.00 434 8 1657076.52 -32.07 -1.12 -68.95 1.77 0.90 76.05 16236.47 7317691.70 0.0000169761 12.03 947071681822895019917312.00
GM2noBHs 1.00 435 2 314461.15 -64.78 -13.98 -132.63 0.57 0.43 148.26 17429.20 2154762.28 0.0000009607 2.90 2414323949470013039050752.00
GM2noBHs 1.00 436 2 270287.04 -64.68 -15.23 -128.30 0.43 0.36 144.49 17725.57 1843254.30 0.0000006698 3.14 2749865148980654988328960.00
GM2noBHs 1.00 437 2 329478.39 -46.18 1.48 -85.07 0.59 0.46 96.80 25120.51 4990022.17 0.0000015442 9.56 2542961016124668345581568.00
GM2noBHs 1.00 438 2 382022.42 -48.21 -12.24 -99.23 0.37 0.34 111.00 21216.77 4238744.07 0.0000022502 4.77 2146987589955745843511296.00
GM2noBHs 1.00 439 2 457217.05 -41.45 -20.63 -108.59 0.40 0.38 118.05 23334.38 3179659.72 0.0000008609 8.54 3035197732509977799557120.00
GM2noBHs 1.00 440 2 438007.34 -41.71 -22.21 -114.70 0.47 0.46 124.05 27712.37 2279531.67 0.0000002526 6.77 5112944137402597450448896.00
GM2noBHs 1.00 441 2 453942.50 -58.76 -16.23 -125.91 0.49 0.49 139.89 21666.70 2216786.04 0.0000005308 7.65 3415309037000373045297152.00
GM2noBHs 1.00 442 2 323996.64 -45.49 -14.78 -114.39 0.12 0.12 123.99 16681.92 5215030.15 0.0000072607 11.97 1233700443714456106565632.00
GM2noBHs 1.00 443 2 278877.08 -47.36 -20.06 -112.26 0.38 0.32 123.48 32176.19 2728471.12 0.0000001884 4.08 5745368338506548670103552.00
GM2noBHs 1.00 444 2 345761.53 -50.23 -31.65 -106.21 0.15 0.15 121.68 36550.37 2451876.42 0.0000000931 3.51 7641425223792295778713600.00
GM2noBHs 1.00 445 2 328885.52 -85.50 -20.84 -118.95 0.42 0.40 147.96 23863.94 1995601.46 0.0000003135 8.02 4320279191143961765871616.00
GM2noBHs 1.00 446 6 1248298.67 -43.35 -14.58 -112.77 1.17 0.87 121.69 18120.77 5506667.42 0.0000066539 9.67 1381498630049634149466112.00
GM2noBHs 1.00 447 2 424184.60 -68.02 -24.69 -136.17 0.43 0.43 154.20 23943.35 1625807.16 0.0000002105 6.12 5008959339941416625242112.00
GM2noBHs 1.00 448 2 371176.81 -53.92 -0.91 -96.07 0.52 0.45 110.17 16778.00 5882360.30 0.0000096283 5.08 1160650820057892321755136.00
GM2noBHs 1.00 449 2 310465.85 201.79 -89.78 93.38 0.61 0.45 239.79 15724.75 4244629.67 0.0000058875 6.73 1289124757011830637854720.00
GM2noBHs 1.00 450 2 424663.99 163.27 -54.59 68.52 0.35 0.35 185.29 15994.19 3142720.66 0.0000027160 3.23 1619655992804138272423936.00
GM2noBHs 1.00 451 2 285350.93 162.67 -55.51 73.02 0.59 0.36 186.75 23354.97 1500618.73 0.0000001911 8.34 5015563839044151863672832.00
GM2noBHs 1.00 452 2 375201.77 165.78 -58.31 74.64 0.30 0.27 190.93 21222.77 1689254.00 0.0000003272 2.07 3952154319279851286036480.00
GM2noBHs 1.00 453 2 372833.27 157.30 -59.21 60.02 0.42 0.35 178.47 20215.06 1718905.96 0.0000003924 2.00 3611091894438338312011776.00
GM2noBHs 1.00 454 2 316723.40 156.83 -54.25 63.49 0.54 0.45 177.68 18058.24 2373498.19 0.0000010751 6.33 2400632167597503093407744.00
GM2noBHs 1.00 455 2 424234.92 158.77 -52.13 58.18 0.13 0.13 176.95 17580.41 2479855.26 0.0000012520 5.46 2228544022616546748661760.00
GM2noBHs 1.00 456 2 316609.07 203.51 -78.53 93.64 0.30 0.29 237.38 18681.93 1808524.22 0.0000005575 5.34 3034784345439799718445056.00
GM2noBHs 1.00 457 2 425287.77 162.25 -69.98 72.66 0.37 0.37 191.06 18059.72 2396094.46 0.0000010903 3.55 2383109259340799786614784.00
GM2noBHs 1.00 458 2 429180.81 159.31 -47.01 53.35 0.40 0.40 174.46 21232.41 2042837.83 0.0000004819 7.09 3484285677142412982484992.00
GM2noBHs 1.00 459 2 223935.02 171.22 -50.84 54.66 0.65 0.47 186.79 20459.80 2174077.41 0.0000006225 9.96 3141113534040139248959488.00
GM2noBHs 1.00 460 3 529431.43 152.01 -24.19 19.97 0.48 0.37 155.21 17610.92 3221432.83 0.0000021335 3.98 1876438323327026728009728.00
GM2noBHs 1.00 461 2 370670.66 133.73 -23.90 31.81 0.41 0.34 139.53 17162.02 3558744.32 0.0000028922 4.47 1682894328555428579901440.00
GM2noBHs 1.00 462 2 424247.91 145.72 -19.23 18.12 0.27 0.27 148.10 34750.29 3536295.52 0.0000002606 10.14 5521509571326875713667072.00
GM2noBHs 1.00 463 2 317780.83 153.21 -26.50 15.63 0.51 0.38 156.27 22081.45 2255607.72 0.0000005162 6.05 3489319693280032847822848.00
GM2noBHs 1.00 464 2 374031.31 152.34 -25.89 21.92 0.54 0.48 156.07 18441.50 3832884.34 0.0000027007 2.89 1803032151393634046967808.00
GM2noBHs 1.00 465 2 430206.66 -82.79 -22.30 -119.14 0.44 0.43 146.78 19791.84 2708477.44 0.0000010523 7.68 2566201307885723199733760.00
