model linking_length pyfof_grp N clump_mass[Msol] com_x[kpc] com_y[kpc] com_z[kpc] max_r[kpc] clump_r_avg[kpc] r[kpc] avg_temp[K] avg_pressure[Pa] avg_nHden[cm^-3] vdist[km/s] entropy[K/(Msolkpc**3)**(2/3)]
GM2noBHs 1.00 0 3 644061.26 -9.49 -4.18 -12.03 0.71 0.59 15.88 53026.50 31788850.88 0.0000002101 15.90 2566035997246977472462848.00
GM2noBHs 1.00 1 2 448702.21 -8.12 -10.17 -10.22 0.32 0.30 16.55 24722.47 18323633.11 0.0000025156 15.77 1028973800446494903369728.00
GM2noBHs 1.00 2 2 424168.26 -11.22 -3.96 -11.25 0.40 0.40 16.37 53893.56 31391401.20 0.0000001862 3.35 2671387344060999301857280.00
GM2noBHs 1.00 3 3 636252.38 15.00 -5.89 0.28 0.56 0.50 16.12 13500.19 27572986.84 0.0001092988 6.31 286174524776342299344896.00
GM2noBHs 1.00 4 4 742558.15 -6.15 -11.81 -7.45 0.82 0.68 15.26 16627.27 14801554.13 0.0000064759 17.03 614311957052216462802944.00
GM2noBHs 1.00 5 2 424168.26 -10.80 -10.93 -4.69 0.38 0.38 16.07 58618.41 46329087.93 0.0000002105 16.23 2358104119759513180962816.00
GM2noBHs 1.00 6 34 7210860.35 13.50 -6.97 3.83 3.28 1.93 15.67 13062.64 33544459.88 0.0002675508 13.65 242956134556572521070592.00
GM2noBHs 1.00 7 2 424168.26 14.46 -8.05 -0.20 0.37 0.37 16.55 19688.81 20648324.51 0.0000089936 13.95 654507423826481835409408.00
GM2noBHs 1.00 8 2 424168.26 13.78 -6.58 -4.54 0.41 0.41 15.93 31317.54 13442512.56 0.0000004901 9.14 1885093106992827431124992.00
GM2noBHs 1.00 9 3 574770.04 -12.58 1.98 -8.48 0.81 0.64 15.30 63623.27 25158367.43 0.0000000641 13.68 4075611610194704800415744.00
GM2noBHs 1.00 10 2 369889.13 -12.39 -7.44 -7.82 0.56 0.49 16.43 42022.86 29260296.76 0.0000007048 24.11 1829099771861140227751936.00
GM2noBHs 1.00 11 2 424168.26 -13.21 -5.38 -7.75 0.22 0.22 16.24 57552.79 34773109.71 0.0000001532 5.46 2774444302441391954329600.00
GM2noBHs 1.00 12 2 424168.26 12.03 -8.31 -5.72 0.38 0.38 15.70 41602.56 23160665.93 0.0000004063 11.25 2104686351025785152733184.00
GM2noBHs 1.00 13 2 434344.71 9.26 -11.91 -2.34 0.45 0.45 15.26 23910.24 14151099.06 0.0000014620 24.39 1151398707513052381577216.00
GM2noBHs 1.00 14 2 305251.06 13.39 1.16 -7.14 0.54 0.38 15.22 45541.24 15687219.30 0.0000001679 16.98 3160697050769708789268480.00
GM2noBHs 1.00 15 2 424168.26 11.72 -3.51 -9.18 0.46 0.46 15.29 44964.60 30328435.49 0.0000004779 21.22 2007948689967785770483712.00
GM2noBHs 1.00 16 6 1229773.95 10.53 -7.74 -9.55 1.34 0.80 16.18 24036.68 15160410.85 0.0000020351 14.13 1124080921762297439846400.00
GM2noBHs 1.00 17 2 424168.26 3.27 -15.73 0.88 0.47 0.47 16.09 80183.91 67637271.32 0.0000000756 12.66 3182826459670234187956224.00
GM2noBHs 1.00 18 3 459878.19 1.36 -13.23 -8.20 0.60 0.53 15.62 20261.45 21265601.05 0.0000103408 24.07 678326313737531452030976.00
GM2noBHs 1.00 19 2 424168.26 -0.23 -15.26 -3.90 0.44 0.44 15.76 51342.32 58348017.91 0.0000056334 21.50 1634613010570378712449024.00
GM2noBHs 1.00 20 3 617105.61 -0.00 -15.80 -2.62 0.67 0.44 16.02 25897.33 26434165.59 0.0000085493 5.99 876430023393605779980288.00
GM2noBHs 1.00 21 2 429562.44 1.16 -15.23 -5.69 0.35 0.34 16.30 47192.71 36144705.72 0.0000005124 28.59 1933482543182892433932288.00
GM2noBHs 1.00 22 3 636252.38 -0.18 3.27 -15.26 0.83 0.66 15.61 14337.85 32463219.20 0.0001439984 20.09 283774845676769599553536.00
GM2noBHs 1.00 23 2 424168.26 -5.06 -15.47 -0.77 0.26 0.26 16.29 57503.09 30700697.79 0.0000001268 22.03 2998423399605743709585408.00
GM2noBHs 1.00 24 2 424834.08 2.32 -11.91 -9.37 0.43 0.43 15.33 13918.61 17674625.73 0.0000213963 9.49 405036393725354311680000.00
GM2noBHs 1.00 25 2 424168.26 -1.43 0.90 -15.05 0.49 0.49 15.15 13855.59 36096287.48 0.0002154667 17.96 247957805728928806993920.00
GM2noBHs 1.00 26 4 745218.58 0.67 -10.52 -12.04 0.69 0.57 16.00 16566.97 17762196.58 0.0000107503 11.63 537516767533806823407616.00
GM2noBHs 1.00 27 3 526002.87 1.45 -7.90 -14.14 0.80 0.63 16.26 19415.62 12867327.43 0.0000025202 18.32 871431647588785835737088.00
GM2noBHs 1.00 28 73 15486200.95 -2.45 3.61 -15.29 3.25 1.61 15.90 11029.13 63294107.24 0.0072678096 25.05 124895762896379019526144.00
GM2noBHs 1.00 29 2 424168.26 -3.87 1.16 -16.10 0.46 0.46 16.60 16295.24 28114903.92 0.0000697763 18.03 395000893676333310148608.00
GM2noBHs 1.00 30 2 425220.02 -13.08 -6.99 -5.80 0.49 0.49 15.93 67099.26 67127312.42 0.0000002762 27.60 2339793320812492976291840.00
GM2noBHs 1.00 31 5 951552.30 -2.35 -14.09 -7.33 1.26 0.81 16.06 17480.32 25467901.08 0.0000283959 25.95 464500936143171139665920.00
GM2noBHs 1.00 32 2 373893.50 -3.08 -13.85 -5.14 0.51 0.42 15.09 13656.41 34848441.42 0.0002151901 11.97 247026741736777092956160.00
GM2noBHs 1.00 33 2 424566.26 -5.88 -13.23 -6.92 0.45 0.45 16.05 20104.89 19964841.46 0.0000079484 19.87 693552764458257455513600.00
GM2noBHs 1.00 34 3 637326.16 -8.15 -13.07 -0.95 0.95 0.67 15.43 43289.60 27368432.16 0.0000004309 21.61 2024542141870682882965504.00
GM2noBHs 1.00 35 2 424168.26 -9.93 -4.14 12.65 0.50 0.50 16.61 21721.98 18239115.41 0.0000045230 20.39 842645852075751716683776.00
GM2noBHs 1.00 36 2 424168.26 -15.77 2.04 2.07 0.27 0.27 16.03 45922.23 14424744.84 0.0000001267 14.38 3422438893132857091293184.00
GM2noBHs 1.00 37 2 426655.34 -11.80 -0.44 11.16 0.48 0.48 16.25 35903.77 15009321.30 0.0000003456 11.91 2203663958027292408545280.00
GM2noBHs 1.00 38 4 748085.51 -8.53 -7.99 11.91 0.81 0.59 16.68 27492.62 16162695.47 0.0000014055 11.62 1345616177737058859614208.00
GM2noBHs 1.00 39 2 424168.26 -8.37 -5.11 11.56 0.48 0.48 15.16 17337.60 18910919.83 0.0000105094 9.07 558789583970553489784832.00
GM2noBHs 1.00 40 2 371580.49 -11.05 -4.67 11.76 0.52 0.45 16.80 20329.03 13472755.13 0.0000024186 21.85 922236345735176062500864.00
GM2noBHs 1.00 41 5 1060420.64 -5.37 1.52 14.48 0.88 0.71 15.51 12934.32 30917616.25 0.0002212784 9.03 252786719901812504133632.00
GM2noBHs 1.00 42 3 636252.38 -8.02 -1.28 14.12 0.75 0.52 16.29 16365.66 20274530.01 0.0000163287 5.70 484879558489547628085248.00
GM2noBHs 1.00 43 3 636252.38 -6.91 -0.01 14.48 0.61 0.51 16.04 14770.25 22517665.62 0.0000375476 4.72 381662149190668961972224.00
GM2noBHs 1.00 44 2 424168.26 -6.38 -1.57 14.13 0.44 0.44 15.58 14623.51 21928260.13 0.0000356753 8.18 382195737813209051037696.00
GM2noBHs 1.00 45 8 1362064.59 -5.30 -8.80 -12.11 1.55 0.91 15.88 16465.85 20206875.15 0.0000177526 13.74 492566573437650877808640.00
GM2noBHs 1.00 46 4 794897.64 -2.66 -8.07 -13.51 1.01 0.65 15.96 15748.32 13750157.57 0.0000060236 13.50 586711250385796195155968.00
GM2noBHs 1.00 47 2 441742.36 -5.59 -10.62 -9.48 0.20 0.19 15.29 16429.81 15589566.87 0.0000074444 6.31 578661855168987544944640.00
GM2noBHs 1.00 48 2 424168.26 -11.36 -4.67 -9.23 0.38 0.38 15.36 49441.93 35332803.03 0.0000003220 4.48 2119606788204369843060736.00
GM2noBHs 1.00 49 6 1272504.77 5.45 -2.69 15.39 1.16 0.88 16.55 16940.27 26085529.05 0.0000397583 16.69 438022572756576342376448.00
GM2noBHs 1.00 50 3 636278.18 6.25 0.51 14.80 0.60 0.50 16.07 17957.20 19972867.06 0.0000110955 16.25 572493911399767713251328.00
GM2noBHs 1.00 51 29 6152500.57 -3.28 3.01 15.22 2.38 1.41 15.86 12170.43 39831603.40 0.0006125354 15.53 189284861448006550945792.00
GM2noBHs 1.00 52 2 424168.26 0.68 1.78 16.37 0.24 0.24 16.48 19957.08 20906937.20 0.0000081463 9.53 661807028869570939060224.00
GM2noBHs 1.00 53 4 849158.29 0.00 -0.10 16.53 0.96 0.64 16.53 15596.11 21896802.47 0.0000277853 16.23 428092380424546006597632.00
GM2noBHs 1.00 54 2 424168.26 3.41 -2.87 14.76 0.44 0.44 15.42 15346.95 25513925.78 0.0000478565 14.21 372655531630511515500544.00
GM2noBHs 1.00 55 2 424168.26 3.06 -1.55 16.40 0.38 0.38 16.76 17574.32 21682627.29 0.0000155118 5.78 522934776706591866486784.00
GM2noBHs 1.00 56 3 636252.38 14.39 -7.55 4.38 0.61 0.44 16.83 13111.78 32564987.40 0.0001973728 3.20 243091051558347024105472.00
GM2noBHs 1.00 57 2 262935.73 0.54 10.38 11.33 0.54 0.44 15.38 35565.19 8449783.83 0.0000001440 5.97 3190781392477188150788096.00
GM2noBHs 1.00 58 2 436433.60 -0.61 8.88 13.27 0.45 0.44 15.98 41316.17 10688674.78 0.0000001049 12.04 3482326855959760227794944.00
GM2noBHs 1.00 59 2 424168.26 -0.61 5.22 14.92 0.45 0.45 15.82 46127.13 32285578.47 0.0000004606 14.15 2017632481441302479634432.00
GM2noBHs 1.00 60 3 636580.00 4.51 5.28 14.08 0.85 0.67 15.70 17662.70 11795464.17 0.0000026009 11.46 792360322918965206581248.00
GM2noBHs 1.00 61 2 444810.15 1.79 6.94 13.60 0.31 0.31 15.37 27949.06 12810130.94 0.0000006703 12.29 1606694946573227032313856.00
GM2noBHs 1.00 62 2 385391.00 -4.35 11.85 9.70 0.12 0.10 15.92 25581.39 10038483.06 0.0000005495 6.30 1618614660897472191135744.00
GM2noBHs 1.00 63 2 424168.26 -4.43 1.05 15.91 0.47 0.47 16.55 13287.03 27872206.64 0.0001175619 8.76 275502083920969362046976.00
GM2noBHs 1.00 64 2 424168.26 -5.75 -0.51 15.32 0.49 0.49 16.37 14904.22 20577412.79 0.0000268393 1.84 412402618148625133338624.00
GM2noBHs 1.00 65 3 636252.38 -1.26 0.69 16.08 0.84 0.66 16.14 15132.19 21998965.71 0.0000332280 10.21 405278635826483810009088.00
GM2noBHs 1.00 66 2 424168.26 5.97 -5.45 13.98 0.46 0.46 16.14 27246.12 18777893.14 0.0000018196 3.43 1200303546712079460204544.00
GM2noBHs 1.00 67 2 424168.26 5.63 -10.00 12.13 0.49 0.49 16.70 42176.66 14520692.12 0.0000001720 8.13 2949301635819005936664576.00
GM2noBHs 1.00 68 3 636266.61 11.72 -7.07 6.99 0.75 0.53 15.37 14577.79 26371269.75 0.0000785472 10.25 339918248946622691016704.00
GM2noBHs 1.00 69 3 636252.38 11.30 -7.93 8.04 0.84 0.62 15.98 17780.92 20610657.45 0.0000130379 11.72 552962548054231953178624.00
GM2noBHs 1.00 70 2 424168.26 7.00 -4.07 13.29 0.25 0.25 15.56 20940.25 20029846.43 0.0000059437 5.25 737961481737080242438144.00
GM2noBHs 1.00 71 10 1866626.37 2.99 10.37 -11.23 2.15 1.29 15.57 14271.85 21753409.40 0.0000451080 17.66 369227726893521687281664.00
GM2noBHs 1.00 72 4 743150.86 6.92 5.23 -14.02 0.89 0.60 16.48 27369.69 19868210.36 0.0000022138 18.21 1153312488905501061414912.00
GM2noBHs 1.00 73 3 620631.84 4.91 9.40 -11.07 0.54 0.46 15.34 14314.40 24517233.42 0.0000655458 14.87 342462176573849360924672.00
GM2noBHs 1.00 74 2 373715.55 3.46 6.79 -14.03 0.56 0.48 15.96 21518.60 12318817.54 0.0000016556 11.71 1071515283105196550389760.00
GM2noBHs 1.00 75 2 329280.92 -3.10 13.97 -6.43 0.65 0.47 15.69 26961.67 13637161.12 0.0000011967 16.53 1470857951717205483716608.00
GM2noBHs 1.00 76 3 536408.95 -2.60 15.66 -3.69 0.56 0.49 16.30 25157.32 15773222.54 0.0000017358 9.97 1172044213231507413663744.00
GM2noBHs 1.00 77 2 441015.19 3.69 8.91 -13.16 0.52 0.50 16.31 16456.52 16346614.04 0.0000095988 8.05 567583497104937954836480.00
GM2noBHs 1.00 78 2 424168.26 0.69 5.87 -13.93 0.46 0.46 15.13 21480.77 22358969.03 0.0000077183 7.89 715903060331686480838656.00
GM2noBHs 1.00 79 2 424168.26 -1.20 7.66 -13.17 0.38 0.38 15.29 25407.05 20481434.41 0.0000030010 12.78 1008068530213791803113472.00
GM2noBHs 1.00 80 2 432576.97 -3.36 6.13 -13.77 0.27 0.27 15.44 15398.54 31936594.73 0.0001031076 4.80 322157423486356970012672.00
GM2noBHs 1.00 81 2 424168.26 -2.92 8.82 -12.47 0.44 0.44 15.54 17192.33 22002731.94 0.0000179223 3.95 499282507920709536186368.00
GM2noBHs 1.00 82 2 437374.48 -4.24 12.69 -9.76 0.43 0.42 16.56 19178.03 15345212.97 0.0000045018 13.54 760311302777073808965632.00
GM2noBHs 1.00 83 2 246607.67 -4.73 12.30 -7.95 0.53 0.42 15.39 23864.20 14605640.09 0.0000019203 8.87 1132485105853141274853376.00
GM2noBHs 1.00 84 2 433344.23 -9.57 12.19 -4.03 0.31 0.30 16.01 34545.92 8068626.44 0.0000001247 11.23 3114464902635047440351232.00
GM2noBHs 1.00 85 2 308539.51 -4.24 15.05 -2.58 0.48 0.34 15.85 22141.18 9005477.78 0.0000006948 4.66 1372377639892290474344448.00
GM2noBHs 1.00 86 3 662670.87 -4.77 9.64 -10.85 0.62 0.58 15.28 22296.56 24768350.32 0.0000100713 15.46 709913847658349875691520.00
GM2noBHs 1.00 87 3 583722.19 -4.92 8.78 -12.07 0.64 0.54 15.72 19712.98 22618589.26 0.0000110431 18.26 613605273514791489503232.00
GM2noBHs 1.00 88 2 424168.26 -13.32 6.06 -4.79 0.11 0.11 15.40 50431.09 24316263.84 0.0000001722 5.98 2809665144864819917094912.00
GM2noBHs 1.00 89 5 833689.69 -1.24 12.63 -9.94 0.85 0.58 16.12 15869.14 20196969.99 0.0000200720 19.09 459524140906337586380800.00
GM2noBHs 1.00 90 2 424172.61 -6.15 4.37 -15.13 0.16 0.16 16.91 15952.75 28029027.44 0.0000580426 4.87 373183330659193199788032.00
GM2noBHs 1.00 91 2 424305.17 -10.04 4.19 -12.35 0.48 0.48 16.46 23051.39 21424704.08 0.0000055551 10.62 833641955624290533507072.00
GM2noBHs 1.00 92 2 264405.58 7.21 12.93 -3.17 0.47 0.36 15.14 20221.90 8726674.47 0.0000008690 6.97 1214629224437860085530624.00
GM2noBHs 1.00 93 2 432937.15 2.41 13.27 -6.65 0.41 0.40 15.04 18916.82 14301989.43 0.0000035057 8.46 772411836385118035902464.00
GM2noBHs 1.00 94 2 424191.74 -5.24 4.24 -13.78 0.37 0.37 15.34 14512.65 36671347.34 0.0002048828 7.40 267812532027813628215296.00
GM2noBHs 1.00 95 2 424168.26 13.41 -9.24 4.91 0.43 0.43 17.01 16070.88 26381798.55 0.0000631993 3.01 405641364942760844460032.00
GM2noBHs 1.00 96 2 361761.14 -4.08 -10.82 10.71 0.54 0.46 15.76 49649.48 14454517.51 0.0000000921 7.17 3864452973071039530532864.00
GM2noBHs 1.00 97 4 849146.55 -6.95 5.52 -13.90 0.87 0.65 16.49 19076.15 26060401.66 0.0000257602 11.89 539337219912186841792512.00
GM2noBHs 1.00 98 2 424168.26 -5.70 -14.38 5.11 0.25 0.25 16.29 57351.16 23407739.69 0.0000000899 13.46 3581022066824482291449856.00
GM2noBHs 1.00 99 4 677680.62 7.07 10.07 -10.32 1.27 0.84 16.06 19693.54 16734883.03 0.0000049699 21.06 757699731654675691208704.00
GM2noBHs 1.00 100 3 466360.30 7.05 11.90 -6.77 0.84 0.57 15.40 24089.46 15104856.29 0.0000017455 9.82 1119106644217524924710912.00
