model linking_length pyfof_grp N clump_mass[Msol] com_x[kpc] com_y[kpc] com_z[kpc] max_r[kpc] clump_r_avg[kpc] r[kpc] avg_temp[K] avg_pressure[Pa] avg_nHden[cm^-3] vdist[km/s] entropy[K/(Msolkpc**3)**(2/3)]
GM3 1.00 0 2 424262.84 -114.52 -41.19 -66.77 0.39 0.39 138.81 34410.12 1486444.78 0.0000000466 1.33 9754943431786956660408320.00
GM3 1.00 1 6 1272803.91 -73.36 -37.49 -6.01 0.02 0.01 82.60 20894.73 4012030.40 0.0000019694 0.24 2160460356268536358764544.00
GM3 1.00 2 2 424210.46 -96.22 -39.75 -74.62 0.31 0.31 128.09 17673.46 3329218.62 0.0000022601 3.83 1853569927419189811740672.00
GM3 1.00 3 2 424184.81 -92.42 -40.04 -77.37 0.47 0.47 127.01 22099.17 3056992.16 0.0000009677 4.77 2870271254252933752029184.00
GM3 1.00 4 4 835389.22 -113.99 -40.86 -97.76 0.96 0.69 155.63 29049.15 1689050.74 0.0000001180 4.11 6727761038356922316619776.00
GM3 1.00 5 2 424185.39 -115.60 -57.82 -113.76 0.23 0.23 172.18 19435.64 1706013.43 0.0000004224 0.98 3416641121313636057350144.00
GM3 1.00 6 2 431992.83 -93.94 -41.12 -78.08 0.41 0.40 128.89 21305.92 2958295.26 0.0000009971 3.46 2755111411227810653536256.00
GM3 1.00 7 3 668642.52 -94.75 -55.40 -118.34 0.52 0.36 161.41 22276.70 1788515.26 0.0000003131 4.15 4142327827890779459682304.00
GM3 1.00 8 2 366335.34 -135.23 -59.39 -88.06 0.07 0.06 171.96 27011.82 954234.47 0.0000000478 0.30 8732780540625625590792192.00
GM3 1.00 9 3 636291.17 -140.14 -43.24 -85.90 0.37 0.28 169.96 24262.56 1482659.98 0.0000001609 1.54 5450427494083825328193536.00
GM3 1.00 10 2 424186.31 -141.26 -43.36 -82.48 0.45 0.45 169.23 22465.18 1420051.22 0.0000001874 1.30 4932188403406738429050880.00
GM3 1.00 11 2 424197.08 -118.81 -54.58 -116.60 0.28 0.28 175.19 22274.68 1399267.02 0.0000001876 0.76 4909380532492275611074560.00
GM3 1.00 12 2 299810.27 -131.94 -61.95 -89.41 0.50 0.35 170.99 28434.83 1248263.97 0.0000000694 2.80 7949276104926287701737472.00
GM3 1.00 13 2 325880.71 -100.62 -57.90 -135.66 0.26 0.25 178.55 21930.35 1515470.01 0.0000002359 2.44 4507084664691774367727616.00
GM3 1.00 14 2 451204.23 -104.66 -61.25 -133.26 0.46 0.45 180.17 20441.34 1804811.08 0.0000004156 2.03 3559284633129862024921088.00
GM3 1.00 15 3 646691.58 13.23 -1.08 51.28 0.57 0.39 52.97 14076.43 10896135.03 0.0000712211 9.61 562552510126953557131264.00
GM3 1.00 16 3 594469.97 9.90 0.10 53.08 0.60 0.46 53.99 15426.96 11244835.86 0.0000588080 14.79 645500897172301539180544.00
GM3 1.00 17 7 1419957.82 1.78 0.11 49.67 0.50 0.36 49.70 15505.04 9992496.35 0.0000407708 13.01 704637709505906922749952.00
GM3 1.00 18 3 711969.74 -2.12 0.87 52.23 0.58 0.42 52.28 20049.96 7687699.11 0.0000091758 8.57 1295311288643613110566912.00
GM3 1.00 19 2 437952.61 9.31 -2.20 53.92 0.30 0.30 54.76 17695.01 9502104.83 0.0000223964 9.66 913331524574215162298368.00
GM3 1.00 20 2 369366.78 18.06 1.02 54.22 0.47 0.40 57.15 20470.91 7748305.31 0.0000085047 17.11 1336067406021882506379264.00
GM3 1.00 21 4 859360.12 18.30 -2.20 53.99 0.75 0.50 57.05 16206.78 7286500.47 0.0000165525 11.01 940140087690768622288896.00
GM3 1.00 22 6 1312046.81 19.36 7.95 50.05 0.72 0.64 54.25 16088.64 8783605.99 0.0000267186 10.61 820768084918046346444800.00
GM3 1.00 23 3 604868.72 19.92 7.28 51.81 0.91 0.60 55.98 15769.61 8047562.29 0.0000224212 12.10 838625809877235625099264.00
GM3 1.00 24 2 431358.16 21.34 -0.09 48.54 0.46 0.46 53.02 21912.34 7079178.09 0.0000054402 7.56 1591617642422797684703232.00
GM3 1.00 25 2 429064.40 -133.67 -68.25 -121.17 0.12 0.12 192.90 22944.48 1063729.96 0.0000000988 1.19 6179033656309817458819072.00
GM3 1.00 26 2 463763.19 -123.72 -51.81 -145.02 0.46 0.45 197.54 24364.25 1250706.07 0.0000001147 1.58 6113482643921057557250048.00
GM3 1.00 27 6 1164148.96 13.11 -2.55 50.82 0.92 0.55 52.55 11981.08 14809428.26 0.0003366816 10.60 343129141973239268900864.00
GM3 1.00 28 6 1281268.51 19.68 -1.30 44.05 0.96 0.53 48.27 15357.35 8643866.29 0.0000290596 13.29 765477695536606765645824.00
GM3 1.00 29 12 2528516.52 24.44 -0.42 33.27 1.56 0.65 41.29 12283.29 16511277.89 0.0004793145 11.24 334874382581728953761792.00
GM3 1.00 30 6 1307550.71 25.16 -2.73 39.93 1.05 0.66 47.28 17343.11 7875489.52 0.0000161004 8.84 1003055430228026914242560.00
GM3 1.00 31 10 2121429.14 13.42 -0.39 43.83 1.82 1.08 45.84 14450.71 11922917.97 0.0000857135 14.85 554706100991111257391104.00
GM3 1.00 32 7 1446954.33 7.05 -2.77 42.19 0.80 0.63 42.87 14229.01 14991219.13 0.0002096217 15.81 466492022076114395463680.00
GM3 1.00 33 4 857821.93 13.50 -2.90 45.74 0.59 0.38 47.78 13928.86 11281091.37 0.0000840218 9.04 542156666270744603262976.00
GM3 1.00 34 3 642109.65 10.70 -1.77 39.01 0.59 0.52 40.49 48816.31 22901696.69 0.0000047359 13.60 2782357129906933259567104.00
GM3 1.00 35 4 851043.77 12.82 -3.13 44.60 0.69 0.46 46.51 14656.40 11357609.81 0.0000715967 12.61 587440661247521292550144.00
GM3 1.00 36 2 425602.02 8.75 -1.91 35.66 0.48 0.48 36.77 45273.58 17082836.65 0.0000030627 16.17 2988217074674893030686720.00
GM3 1.00 37 14 2803324.72 -50.98 -30.13 -39.29 1.48 0.84 71.07 14106.47 10396615.62 0.0000631125 5.96 585157321281020366946304.00
GM3 1.00 38 5 964921.13 -95.76 -35.96 -68.71 0.86 0.63 123.23 27194.68 2551661.09 0.0000003383 5.96 4569346747251654448381952.00
GM3 1.00 39 2 437426.80 -53.05 -31.26 -41.54 0.15 0.15 74.28 17227.01 5803265.12 0.0000082339 2.63 1217331780842334057398272.00
GM3 1.00 40 2 317846.01 12.00 -1.35 33.17 0.68 0.50 35.30 19911.40 10675152.91 0.0000200744 10.75 1039543876030719758172160.00
GM3 1.00 41 46 9708040.42 4.91 -2.54 44.69 2.47 1.37 45.03 10201.93 31352656.40 0.0058894238 20.49 146126416935426092695552.00
GM3 1.00 42 2 389358.52 9.77 2.26 55.96 0.18 0.16 56.85 20161.30 9507637.10 0.0000139145 4.39 1133950483668057303547904.00
GM3 1.00 43 7 1480371.97 9.87 1.64 53.78 1.12 0.87 54.71 14222.56 11687838.76 0.0000902906 10.30 549626887643705213190144.00
GM3 1.00 44 17 3560077.02 6.26 5.06 49.35 2.04 1.05 50.00 13112.70 14902141.50 0.0002742161 18.05 404823027475038819319808.00
GM3 1.00 45 2 427043.81 8.62 5.02 48.82 0.47 0.47 49.83 17897.32 10347146.71 0.0000259127 11.54 874918462300757013037056.00
GM3 1.00 46 49 9976845.93 6.58 6.69 41.60 2.09 1.12 42.65 11483.34 61280974.52 0.0190628361 27.76 124874044187875005693952.00
GM3 1.00 47 8 1697002.04 31.25 -9.43 -41.50 1.07 0.50 52.80 19770.37 7362835.67 0.0000088113 7.64 1306595026190007107846144.00
GM3 1.00 48 9 1915462.74 30.90 -15.33 -34.02 0.39 0.20 48.45 15831.50 9366458.26 0.0000312332 5.05 763056298871747032121344.00
GM3 1.00 49 2 453181.18 25.02 -37.48 -42.33 0.36 0.35 61.83 29543.13 4956696.16 0.0000007392 6.05 3349293320014342226182144.00
GM3 1.00 50 2 426576.83 35.38 -6.13 -60.43 0.40 0.40 70.29 30735.47 5454045.90 0.0000009230 5.97 3365996534368774410731520.00
GM3 1.00 51 13 2757417.30 -48.32 -21.50 -20.68 0.91 0.52 56.78 13678.97 11383995.12 0.0000897048 8.09 522435981394085901500416.00
GM3 1.00 52 8 1697913.69 -69.87 -27.58 -33.92 1.13 0.82 82.42 19793.62 4950678.02 0.0000037352 7.77 1716869634018209276362752.00
GM3 1.00 53 19 4071135.42 6.35 15.36 35.47 1.06 0.54 39.17 10758.06 25534089.63 0.0024283553 10.43 180627052269934051590144.00
GM3 1.00 54 2 424236.18 3.14 3.42 32.56 0.39 0.39 32.88 16155.36 11676996.10 0.0000533189 17.22 680618778997494416146432.00
GM3 1.00 55 2 431606.13 3.51 2.34 32.69 0.40 0.40 32.96 15655.98 11667878.32 0.0000576750 6.33 643140426977618427904000.00
GM3 1.00 56 5 1088446.44 -0.50 2.81 31.96 1.11 0.68 32.09 17115.24 11215125.29 0.0000375232 21.27 769467242596720112041984.00
GM3 1.00 57 12 2588397.60 2.70 3.13 35.62 1.95 0.97 35.86 13472.68 14629156.73 0.0002511121 18.89 437098516621940800618496.00
GM3 1.00 58 2 427960.30 14.89 -2.73 53.63 0.45 0.45 55.73 15184.93 7618856.39 0.0000222042 11.05 816711122510863621160960.00
GM3 1.00 59 17 3654895.46 9.15 -0.84 30.85 2.35 1.46 32.19 12538.15 18364630.57 0.0006180874 20.43 318097115379625904570368.00
GM3 1.00 60 7 1457407.86 29.33 -1.66 32.64 0.75 0.52 43.91 14566.25 10341928.15 0.0000569744 11.41 622136973768337767006208.00
GM3 1.00 61 7 1534329.21 25.99 -0.91 30.39 0.75 0.38 40.00 13532.59 13229296.16 0.0001445763 11.30 459790970090669048070144.00
GM3 1.00 62 5 1076291.71 13.17 6.60 42.25 0.94 0.67 44.74 18850.56 8721410.18 0.0000150436 15.68 1076797187947293023666176.00
GM3 1.00 63 2 438399.88 16.33 6.45 39.57 0.20 0.20 43.29 20190.88 7348132.54 0.0000080435 5.40 1353859961336254242488320.00
GM3 1.00 64 3 648573.53 25.91 0.80 35.06 0.70 0.51 43.60 18187.45 9903682.30 0.0000279519 6.79 946882054704768235864064.00
GM3 1.00 65 2 424265.11 22.79 5.33 36.18 0.40 0.40 43.09 65405.41 22318536.39 0.0000000605 14.58 4631534933977303930109952.00
GM3 1.00 66 11 2360825.83 -3.32 -7.42 -15.81 0.47 0.31 17.78 12367.41 20384283.90 0.0008590238 6.11 279907289447643507326976.00
GM3 1.00 67 3 627924.19 -2.55 -1.81 -23.66 0.05 0.04 23.87 17038.58 9061956.52 0.0000229071 1.93 879171351151519008292864.00
GM3 1.00 68 3 645260.37 60.04 8.27 -1.77 0.62 0.46 60.63 31429.85 11879020.60 0.0000021531 8.35 2064657180827950019248128.00
GM3 1.00 69 4 851706.96 34.35 8.59 23.83 0.63 0.35 42.68 18229.79 9271271.98 0.0000191674 8.67 975462222760248034197504.00
GM3 1.00 70 2 424219.13 45.19 11.70 14.43 0.36 0.36 48.86 21222.61 5834518.34 0.0000040863 4.04 1727346086904878453489664.00
GM3 1.00 71 3 636429.02 43.02 13.32 11.30 0.65 0.52 46.43 17864.11 7644459.98 0.0000133272 6.83 1076155995562288904929280.00
GM3 1.00 72 4 861409.13 58.67 8.73 -0.91 1.16 0.77 59.32 35656.62 12811671.81 0.0000052316 11.69 2432325927097410986704896.00
GM3 1.00 73 6 1277940.76 28.67 3.99 17.89 1.18 0.73 34.03 16802.26 11401622.03 0.0000429514 12.38 739382229986382245265408.00
GM3 1.00 74 4 848893.20 41.17 3.43 8.74 0.77 0.58 42.22 15071.41 11818049.93 0.0000719311 12.57 599481599293357880770560.00
GM3 1.00 75 4 857182.08 42.60 3.58 8.88 0.51 0.35 43.66 14327.59 10741363.78 0.0000639274 10.53 586210941934038551625728.00
GM3 1.00 76 5 1019923.78 52.36 4.54 13.97 0.97 0.55 54.38 16525.52 7467222.62 0.0000165852 5.62 958753686424449676476416.00
GM3 1.00 77 5 1060642.97 52.41 6.12 3.73 0.82 0.49 52.89 19154.91 6754404.59 0.0000080964 8.12 1314055216747714090893312.00
GM3 1.00 78 19 4032470.40 24.59 10.24 9.16 1.26 0.50 28.17 10713.46 28829939.44 0.0034803785 11.04 164681858139048579694592.00
GM3 1.00 79 27 5695561.57 -4.95 -9.51 53.92 2.99 1.32 54.97 11522.56 18828754.80 0.0011953550 20.80 291790647801497400639488.00
GM3 1.00 80 4 813277.84 -26.59 8.35 0.48 0.23 0.12 27.87 16731.72 9963113.91 0.0000304673 2.46 799210177011169823293440.00
GM3 1.00 81 3 637345.39 -31.24 13.48 0.60 0.05 0.03 34.03 18333.26 7016292.79 0.0000102487 2.35 1184739096418412558024704.00
GM3 1.00 82 2 472112.17 -28.43 -2.08 44.12 0.38 0.38 52.53 12445.95 13022059.96 0.0001926593 4.41 401835534519845563400192.00
GM3 1.00 83 7 1581603.50 -28.80 -0.97 43.31 0.73 0.62 52.02 13060.44 12417722.19 0.0001359359 13.83 450468139294141039247360.00
GM3 1.00 84 8 1713610.87 -28.24 -3.65 43.76 1.14 0.76 52.21 13999.29 10934901.92 0.0000867818 13.81 564972141099349278982144.00
GM3 1.00 85 6 1245164.48 -22.55 -2.31 59.88 1.20 0.78 64.02 12837.23 12264022.80 0.0001605450 10.32 451833873428832264912896.00
GM3 1.00 86 5 1045042.36 -17.30 -4.40 60.58 0.70 0.61 63.15 17223.83 7809355.03 0.0000159404 16.00 995958026853374228430848.00
GM3 1.00 87 10 2047372.70 -22.49 0.01 54.31 1.38 0.90 58.78 11989.54 15538663.71 0.0004948634 16.01 338565181319371498192896.00
GM3 1.00 88 2 427851.39 -20.98 1.27 55.12 0.42 0.42 58.99 17329.77 9026685.59 0.0000296001 20.27 947821802623619395747840.00
GM3 1.00 89 25 5144504.18 -24.85 0.02 58.76 2.59 1.42 63.80 10292.79 26908170.65 0.0040288923 14.81 169117920141423983722496.00
GM3 1.00 90 19 3783521.18 -23.30 1.53 49.71 2.25 1.19 54.92 11524.82 16287856.83 0.0006418762 12.29 303320049631970373664768.00
GM3 1.00 91 3 622068.45 -19.92 -4.69 61.43 0.56 0.39 64.75 17053.88 7240304.24 0.0000138021 7.95 1028796793818099593773056.00
GM3 1.00 92 8 1657557.43 -6.03 -11.30 61.72 0.99 0.64 63.04 16588.95 7837221.47 0.0000180823 8.91 931455583891934874173440.00
GM3 1.00 93 4 858325.09 -24.83 -0.04 56.22 0.78 0.67 61.46 10456.52 22688806.59 0.0020834438 15.89 191574143803357787062272.00
GM3 1.00 94 5 969962.21 -24.91 0.68 53.97 1.11 0.57 59.44 11312.65 18413693.25 0.0008920758 22.14 259954835008276838481920.00
GM3 1.00 95 3 529157.22 -30.37 2.12 55.01 0.60 0.38 62.87 17169.23 10798038.48 0.0000450107 11.24 817665370951441585274880.00
GM3 1.00 96 11 2409881.15 -29.31 -3.47 58.49 1.88 1.13 65.52 19396.52 11536353.03 0.0000335827 15.67 944609333940143089778688.00
GM3 1.00 97 3 591767.13 -25.99 -0.81 56.97 0.48 0.36 62.62 10698.13 20673204.28 0.0015101660 10.43 214850688267229790732288.00
GM3 1.00 98 4 805679.03 -25.25 -3.08 57.88 0.98 0.65 63.23 15492.56 11372784.53 0.0000838618 17.95 681680782280971801067520.00
GM3 1.00 99 8 1697153.26 -10.10 -1.90 42.16 1.11 0.70 43.39 17056.61 9354015.95 0.0000248439 15.29 865370934919699107938304.00
GM3 1.00 100 2 426763.33 -3.68 0.21 51.16 0.45 0.45 51.29 30953.97 9983105.40 0.0000026445 11.11 2262774614301222058852352.00
GM3 1.00 101 9 1830205.60 -19.09 2.50 47.22 1.10 0.75 50.99 14314.77 10712398.15 0.0000653813 14.36 586677303847137795112960.00
GM3 1.00 102 2 429672.01 -20.39 1.79 38.92 0.08 0.08 43.97 23164.12 5827735.32 0.0000029517 5.87 1992078259754509214416896.00
GM3 1.00 103 10 2073379.17 -13.97 -3.88 34.32 1.14 0.78 37.25 14912.28 11342343.02 0.0000684583 15.00 605855628639520394575872.00
GM3 1.00 104 42 8619131.67 -6.19 2.88 31.93 2.03 0.88 32.65 9345.02 80763729.90 0.0305218732 16.79 61253957451520566886400.00
GM3 1.00 105 4 873158.16 -23.83 1.63 53.10 0.84 0.58 58.23 10833.40 20008054.47 0.0014532646 12.96 235352798108659566510080.00
GM3 1.00 106 11 2236412.82 15.10 10.71 0.87 1.17 0.68 18.53 13324.72 18204016.68 0.0004208867 15.24 354230086429088577224704.00
GM3 1.00 107 22 4552188.42 -8.38 8.77 22.24 1.62 0.62 25.33 10396.94 31820138.41 0.0055912752 18.60 145007955055817464479744.00
GM3 1.00 108 2 424532.41 -29.93 26.60 16.88 0.08 0.08 43.45 22558.10 5372657.55 0.0000027800 1.56 2012351627325055912902656.00
GM3 1.00 109 2 434853.22 -17.76 11.08 19.75 0.04 0.04 28.78 18640.65 8212103.08 0.0000135807 2.64 1095927801139309637009408.00
GM3 1.00 110 2 425116.48 -6.27 15.15 21.18 0.36 0.36 26.79 20152.59 8849294.96 0.0000120163 9.98 1189783510267842827124736.00
GM3 1.00 111 6 1224942.91 -14.43 13.60 14.83 0.34 0.21 24.76 15844.40 11654312.07 0.0000555534 4.90 655578125160637278453760.00
GM3 1.00 112 2 479625.51 7.21 13.87 14.09 0.06 0.05 21.04 69941.97 40177161.57 0.0000000766 1.46 3488075112620557189775360.00
GM3 1.00 113 20 4048663.27 -5.48 7.20 13.80 1.21 0.55 16.50 10431.99 39565961.40 0.0092315913 15.85 122009694536929919369216.00
GM3 1.00 114 5 1090985.77 -0.97 7.40 14.05 0.21 0.18 15.90 14395.14 17054524.34 0.0002361798 4.71 425384408803678072340480.00
GM3 1.00 115 2 428153.82 33.58 9.01 25.37 0.13 0.13 43.04 17816.10 8178967.96 0.0000156692 3.70 1020828752244197008867328.00
GM3 1.00 116 10 1975625.25 33.70 2.78 26.94 1.13 0.79 43.23 15494.97 11083470.77 0.0000539783 12.15 656475990499358664556544.00
GM3 1.00 117 21 4470934.92 17.61 2.17 24.87 2.00 1.33 30.55 12614.09 19663280.02 0.0008290200 38.27 309567000914691037855744.00
GM3 1.00 118 2 425502.61 23.05 4.12 23.18 0.43 0.43 32.95 19422.60 7721264.53 0.0000103140 9.66 1227577607499114057039872.00
GM3 1.00 119 11 2351925.06 8.39 13.23 23.76 0.83 0.28 28.46 13060.19 17805645.23 0.0004216170 7.26 348097588110902324887552.00
GM3 1.00 120 24 5016711.07 -10.57 6.62 19.54 1.11 0.46 23.18 10055.71 48030210.85 0.0131168301 14.43 91580029309666321235968.00
GM3 1.00 121 2 426303.54 -21.53 10.77 26.49 0.14 0.14 35.80 20658.44 6789321.53 0.0000063034 3.30 1481450998988240714727424.00
GM3 1.00 122 6 1307722.35 -9.51 11.37 12.07 0.17 0.11 19.11 13712.00 15575550.99 0.0002195252 3.21 416638611480807747878912.00
GM3 1.00 123 19 4085527.76 10.70 -6.35 41.68 2.60 1.15 43.50 12548.24 17205957.53 0.0006066365 21.55 350177302991321316720640.00
GM3 1.00 124 4 883530.86 2.96 -9.80 33.14 0.42 0.34 34.69 19623.61 9376322.16 0.0000150912 8.28 1092201680743871033638912.00
GM3 1.00 125 8 1733661.90 11.37 -3.74 50.97 1.51 0.90 52.35 12539.84 15133953.50 0.0003438103 18.03 372960475232031920357376.00
GM3 1.00 126 12 2543371.98 11.45 -5.92 52.98 1.81 0.92 54.52 11421.33 17374773.56 0.0008307747 12.17 288195842519552327942144.00
GM3 1.00 127 9 1878990.66 12.66 -4.63 53.61 1.40 0.65 55.27 10976.51 19482642.44 0.0012374552 10.78 244458954679741604429824.00
GM3 1.00 128 3 665018.26 6.68 -8.07 55.02 0.49 0.33 56.00 14640.49 10119113.87 0.0000540908 8.40 637798374615868785033216.00
GM3 1.00 129 4 797845.41 5.87 -9.26 54.13 0.93 0.62 55.23 13261.36 12087633.24 0.0001282142 16.04 476439019125271164878848.00
GM3 1.00 130 2 370699.99 12.21 -10.98 54.73 0.38 0.33 57.14 25772.57 5935550.80 0.0000019616 7.27 2354938082357533088940032.00
GM3 1.00 131 4 821575.11 9.01 -10.19 52.24 0.69 0.50 53.99 14253.62 11104897.74 0.0000751108 10.64 569884030012291756851200.00
GM3 1.00 132 11 2337916.48 7.46 -9.28 52.05 1.51 0.95 53.39 12954.46 14684427.97 0.0002718461 17.92 401323304893030747602944.00
GM3 1.00 133 27 5446072.33 3.09 -5.82 52.15 2.41 1.42 52.56 11984.34 17864703.05 0.0007802318 23.70 308696362380351078662144.00
GM3 1.00 134 59 12395631.06 -0.84 -5.40 52.64 3.45 2.11 52.92 10444.31 24227733.55 0.0026793222 17.25 186476365668601431064576.00
GM3 1.00 135 2 432281.07 0.42 -6.29 56.62 0.42 0.42 56.97 16370.55 11580845.11 0.0000806459 38.90 737180782706691045064704.00
GM3 1.00 136 2 430122.87 3.72 -9.45 55.31 0.25 0.25 56.24 17874.44 7726279.30 0.0000137625 9.25 1064983156986691377430528.00
GM3 1.00 137 2 368904.69 0.70 -7.82 54.37 0.13 0.12 54.93 13568.68 13778574.90 0.0001593397 17.37 448016875459013209227264.00
GM3 1.00 138 2 425729.58 1.29 -6.52 54.98 0.43 0.42 55.38 11633.27 13458420.03 0.0002697929 15.08 349132221299621565038592.00
GM3 1.00 139 2 442240.64 17.21 -3.59 50.56 0.40 0.39 53.53 18943.62 8896089.80 0.0000156178 6.61 1070135972624634405191680.00
GM3 1.00 140 2 453843.13 18.07 -3.28 48.86 0.27 0.26 52.19 17740.19 9477481.03 0.0000222250 8.37 916452657388961994375168.00
GM3 1.00 141 2 377843.13 28.70 -4.72 38.19 0.53 0.46 48.01 22346.52 5737915.51 0.0000032709 2.37 1898501708676386047131648.00
GM3 1.00 142 2 444569.59 10.43 -4.05 49.56 0.30 0.30 50.80 15153.81 9870449.86 0.0000432761 7.25 684938155919015692730368.00
GM3 1.00 143 3 640690.74 13.56 -3.98 34.21 0.31 0.28 37.02 17402.90 11866054.32 0.0000411911 12.02 761803124101188616716288.00
GM3 1.00 144 2 373729.68 13.23 -3.48 35.15 0.46 0.40 37.71 20804.09 12657578.48 0.0000232216 15.50 988200527645140389462016.00
GM3 1.00 145 2 368792.50 15.16 -10.04 44.10 0.25 0.22 47.70 40064.47 9786104.29 0.0000014865 14.17 3533050254996409518391296.00
GM3 1.00 146 2 435432.26 19.68 -15.19 42.16 0.43 0.42 48.94 22493.40 6582211.36 0.0000042682 8.10 1746635313154822380716032.00
GM3 1.00 147 5 1087586.52 35.13 -16.80 38.78 0.97 0.53 54.95 22237.96 6074297.19 0.0000037973 11.06 1806756893769837580386304.00
GM3 1.00 148 2 427467.73 22.60 -15.80 39.06 0.47 0.47 47.81 37043.25 12469166.07 0.0000042614 9.01 2628807383819925569142784.00
GM3 1.00 149 2 438813.57 22.94 -16.86 40.42 0.23 0.23 49.44 24442.90 7223579.50 0.0000038291 11.53 1887551821591679690866688.00
GM3 1.00 150 3 589576.35 -28.26 27.09 36.14 0.04 0.03 53.27 20397.16 4965414.21 0.0000033904 1.56 1792136264158627204431872.00
GM3 1.00 151 13 2743076.88 -24.71 4.59 44.69 1.66 0.97 51.27 11224.38 16613710.68 0.0007138592 14.95 282206375759042666561536.00
GM3 1.00 152 3 649107.82 -25.80 4.01 43.63 0.40 0.33 50.85 11761.01 14432742.79 0.0003205972 13.43 336841948957779643334656.00
GM3 1.00 153 6 1319119.47 -25.32 2.84 51.77 0.93 0.67 57.70 10127.07 23891620.54 0.0024901301 11.08 171151753619079895711744.00
GM3 1.00 154 9 1928956.41 -23.94 3.92 52.81 0.96 0.73 58.11 10596.69 20590798.72 0.0016404194 13.29 216732470135641956417536.00
GM3 1.00 155 3 639205.45 -24.19 27.49 43.30 0.10 0.08 56.71 19693.18 5919555.34 0.0000055675 1.20 1500081675209916534489088.00
GM3 1.00 156 3 645931.72 -23.68 2.88 46.01 0.65 0.45 51.83 15253.13 9277920.62 0.0000371060 14.45 725009183229243752972288.00
GM3 1.00 157 4 849166.40 -34.20 6.68 53.74 0.65 0.47 64.04 13429.70 15951729.33 0.0003811921 18.55 411373078618473209266176.00
GM3 1.00 158 2 431823.39 -37.97 6.84 48.08 0.24 0.24 61.65 15323.57 12747309.18 0.0000801199 1.35 581957710556880686809088.00
GM3 1.00 159 5 1050780.75 -28.70 11.37 47.55 0.76 0.62 56.69 17255.39 8171260.19 0.0000179963 10.19 969963822005526043033600.00
GM3 1.00 160 2 325821.13 -37.85 9.25 47.93 0.45 0.34 61.77 14005.36 14343667.07 0.0001593895 15.44 458932104812161824456704.00
GM3 1.00 161 2 447089.82 -34.87 7.12 47.09 0.39 0.37 59.03 17495.17 8713742.83 0.0000193278 5.51 947330226645065030172672.00
GM3 1.00 162 2 432007.01 -26.86 5.56 47.01 0.46 0.45 54.43 19881.93 8686421.68 0.0000126628 6.52 1180612802523906512519168.00
GM3 1.00 163 2 435596.54 -30.31 4.79 44.70 0.33 0.33 54.22 20539.81 7364577.52 0.0000076538 11.64 1388882850975397053464576.00
GM3 1.00 164 4 873203.28 -31.03 5.42 46.59 0.62 0.51 56.24 16236.29 8125362.50 0.0000210076 10.94 874744787953747834699776.00
GM3 1.00 165 4 757284.11 -34.68 3.32 51.75 0.67 0.42 62.38 14903.48 11544162.66 0.0000794631 24.09 606414938553579915444224.00
GM3 1.00 166 3 677170.37 -27.65 3.14 51.95 0.66 0.51 58.94 10989.40 22357738.51 0.0015974059 11.66 209481756869608207286272.00
GM3 1.00 167 2 431062.27 -28.30 3.65 53.60 0.46 0.46 60.72 10688.96 22469970.97 0.0017979423 3.11 198694258207509652176896.00
GM3 1.00 168 2 440256.79 -30.07 3.82 54.31 0.32 0.31 62.20 13565.56 11956872.75 0.0001197545 5.29 503070521862707302367232.00
GM3 1.00 169 2 435149.76 -31.80 5.48 47.77 0.33 0.33 57.65 17291.46 8101270.82 0.0000170208 9.42 974185784671256212144128.00
GM3 1.00 170 3 635554.52 -35.39 6.29 49.10 0.54 0.42 60.85 13403.72 13022735.04 0.0001552486 20.07 460562708104063802671104.00
GM3 1.00 171 59 12431397.33 -3.64 7.81 34.31 2.95 1.37 35.38 9470.86 52605444.05 0.0180513786 22.38 100069640569341020733440.00
GM3 1.00 172 7 1447888.58 -30.69 -1.26 49.61 1.55 0.88 58.35 20802.85 8909528.38 0.0000108351 18.40 1251766887281769435889664.00
GM3 1.00 173 3 647879.43 -25.98 3.64 53.72 0.79 0.57 59.78 10698.12 25908457.23 0.0025026556 9.57 175912044679056379084800.00
GM3 1.00 174 2 376093.87 9.60 -3.29 52.48 0.49 0.43 53.46 32199.21 21309219.03 0.0000161537 12.18 1449391004697838695219200.00
GM3 1.00 175 4 855103.86 -6.31 6.98 11.85 0.14 0.12 15.13 13340.28 21528549.99 0.0007488899 4.26 308233972697545836593152.00
GM3 1.00 176 15 2955978.10 -10.56 7.80 11.86 0.64 0.31 17.70 11113.37 29706356.40 0.0032692751 10.97 169282208008770775154688.00
GM3 1.00 177 38 7820718.73 13.49 1.78 27.91 2.45 1.40 31.05 10570.31 31512643.87 0.0056501584 24.26 157162257653768602517504.00
GM3 1.00 178 11 2358095.70 5.96 -1.11 27.95 1.45 0.74 28.60 13562.70 18831440.27 0.0004942457 22.59 359343055674121692119040.00
GM3 1.00 179 4 742222.56 -20.76 -3.42 61.66 0.63 0.50 65.15 18564.39 8765238.20 0.0000167476 25.03 1049006232439672885215232.00
GM3 1.00 180 2 382932.14 -20.39 -2.70 53.06 0.44 0.39 56.91 19709.69 7188498.30 0.0000084264 13.40 1319409145348893924392960.00
GM3 1.00 181 4 740368.66 -14.75 -2.34 61.31 1.04 0.72 63.11 30054.22 10691526.46 0.0000029982 7.60 2055251510617351739408384.00
GM3 1.00 182 2 430375.31 5.27 18.74 37.13 0.09 0.08 41.92 17107.87 7301122.70 0.0000139512 2.57 1027481098611740198830080.00
GM3 1.00 183 8 1727556.25 1.01 7.76 34.27 0.84 0.56 35.15 14372.09 15042537.34 0.0001754278 23.23 467342803069169506975744.00
GM3 1.00 184 2 438406.55 -25.22 4.24 52.21 0.25 0.25 58.14 10466.72 21373735.18 0.0016456486 4.20 198084286914013897424896.00
GM3 1.00 185 2 424437.99 -22.56 53.49 57.28 0.07 0.07 81.55 32092.92 4112643.48 0.0000003629 1.32 4360522270327899542257664.00
GM3 1.00 186 2 430370.02 -3.94 2.71 30.10 0.42 0.41 30.48 19104.92 12165217.63 0.0000316594 19.87 882613370599562190782464.00
GM3 1.00 187 2 424593.42 38.09 -1.24 22.64 0.26 0.26 44.33 15716.00 9370681.75 0.0000319516 7.65 752864443740302927200256.00
GM3 1.00 188 2 424192.34 28.50 -0.45 24.12 0.32 0.32 37.34 36273.08 22300176.40 0.0000185073 8.94 1718588683435429471453184.00
GM3 1.00 189 2 424358.63 28.75 -2.36 23.17 0.41 0.41 37.00 17771.99 10734780.06 0.0000288336 15.68 844416924805467589312512.00
GM3 1.00 190 2 454735.22 37.28 -2.57 26.23 0.06 0.06 45.65 55876.47 15920661.17 0.0000000928 4.88 4449623899396891551465472.00
GM3 1.00 191 2 310156.80 14.05 -3.65 53.85 0.62 0.45 55.77 13989.72 10522042.70 0.0000709678 8.44 574441864432271883239424.00
GM3 1.00 192 2 424309.30 75.17 8.39 -37.77 0.19 0.19 84.54 18086.60 5621088.11 0.0000065538 8.42 1349328821715246644199424.00
GM3 1.00 193 2 444557.57 71.37 9.66 -15.34 0.24 0.23 73.64 35595.67 8028718.61 0.0000013862 4.26 3314708648537185614561280.00
GM3 1.00 194 4 866207.79 74.40 9.08 -35.83 0.50 0.41 83.08 17553.73 5377833.04 0.0000065548 6.33 1321496477081583990341632.00
GM3 1.00 195 2 428115.14 71.99 8.09 -17.11 0.36 0.36 74.43 37599.65 8866838.77 0.0000012980 4.61 3401607611670703040888832.00
GM3 1.00 196 2 434110.14 70.51 11.02 -40.03 0.34 0.33 81.83 60234.51 14391762.39 0.0000000558 11.77 5412850169711755545018368.00
GM3 1.00 197 11 2329080.60 60.05 4.95 -7.55 1.18 0.72 60.73 12760.17 12921329.28 0.0001715169 10.08 424305807332153428541440.00
GM3 1.00 198 2 463140.33 66.20 13.39 -9.22 0.16 0.15 68.17 40464.37 11237864.63 0.0000021001 3.74 3275238622188353607434240.00
GM3 1.00 199 2 381374.74 67.27 13.56 -10.11 0.37 0.32 69.37 21532.84 5969483.15 0.0000040903 5.37 1736563962714942674567168.00
GM3 1.00 200 12 2326463.03 61.65 8.40 -6.38 1.71 1.02 62.54 13465.46 12154572.33 0.0001307756 9.75 494960966063956277854208.00
GM3 1.00 201 5 1020023.52 43.73 7.91 -5.12 0.81 0.62 44.73 19326.61 7618675.60 0.0000102549 4.46 1226089314621888053379072.00
GM3 1.00 202 2 428789.89 42.25 24.94 -4.87 0.12 0.12 49.31 45509.08 10934866.28 0.0000001965 3.22 4069085530107027426115584.00
GM3 1.00 203 2 426293.17 69.69 13.45 -11.13 0.28 0.28 71.84 53626.78 12719335.91 0.0000000947 4.32 4834495110725896165654528.00
GM3 1.00 204 2 378428.90 68.34 10.43 -39.65 0.25 0.22 79.69 20191.63 4681263.25 0.0000030734 2.85 1839523411227864601722880.00
GM3 1.00 205 2 442755.11 69.16 13.71 -35.45 0.18 0.18 78.91 33944.36 6618742.85 0.0000010128 5.38 3486757547887578251788288.00
GM3 1.00 206 14 3022442.69 60.58 4.86 -22.47 2.18 0.96 64.79 13081.97 13512064.37 0.0002140591 10.94 446241184625939095486464.00
GM3 1.00 207 2 446052.48 89.08 12.39 -77.15 0.48 0.46 118.49 26193.82 3614908.93 0.0000007214 4.30 3389784826798406656589824.00
GM3 1.00 208 2 428786.57 81.10 15.20 -50.37 0.40 0.39 96.67 45055.01 5257803.23 0.0000000900 5.48 6546722527173949867950080.00
GM3 1.00 209 2 424174.93 83.52 5.36 -63.79 0.36 0.36 105.23 23747.93 4485776.83 0.0000015831 9.63 2484929072617489289969664.00
GM3 1.00 210 15 3185760.56 24.84 5.80 -16.70 0.83 0.43 30.49 12745.38 18026461.15 0.0004762569 10.39 329423296651426491531264.00
GM3 1.00 211 5 1060785.34 40.47 14.29 -27.68 0.59 0.36 51.07 26639.32 8176426.46 0.0000045306 5.55 2011637635360816191504384.00
GM3 1.00 212 3 670246.43 54.34 11.84 -25.70 0.18 0.12 61.26 24524.46 4893892.48 0.0000016566 2.01 2469647126352597948039168.00
GM3 1.00 213 2 431871.98 60.56 7.26 -22.74 0.41 0.41 65.09 16559.87 10415978.31 0.0000364498 15.63 768946737658388975452160.00
GM3 1.00 214 2 426112.66 61.57 5.85 -23.16 0.24 0.24 66.04 12712.03 13108089.97 0.0001770182 10.61 416261036629335369318400.00
GM3 1.00 215 2 430024.19 62.38 8.11 -23.31 0.44 0.43 67.09 18067.94 7420442.39 0.0000130395 9.13 1132841206907600765976576.00
GM3 1.00 216 16 3387687.66 21.20 -0.27 28.02 1.80 0.96 35.14 13132.78 17063040.61 0.0004355211 17.90 369630465650443516116992.00
GM3 1.00 217 2 371116.63 56.60 0.35 -2.68 0.42 0.36 56.67 14573.89 10416511.96 0.0000559854 16.24 616812149351618206236672.00
GM3 1.00 218 6 1274453.75 51.48 0.10 -17.47 0.47 0.18 54.37 21523.96 6930476.32 0.0000056098 2.61 1568258901462107520237568.00
GM3 1.00 219 2 430082.56 58.96 0.19 -6.00 0.24 0.24 59.26 26080.71 7525759.01 0.0000029174 2.21 2051715956142641946558464.00
GM3 1.00 220 9 1887051.44 56.03 1.79 -2.31 1.51 0.96 56.11 15856.30 11376931.30 0.0000543884 10.95 673675684127752163688448.00
GM3 1.00 221 3 638977.98 37.21 0.35 15.22 0.72 0.54 40.21 33894.10 19338055.88 0.0000104454 11.13 1696615880593987810099200.00
GM3 1.00 222 29 6061948.72 35.46 1.27 12.42 2.86 1.47 37.59 14700.31 23911410.00 0.0012623876 28.02 369817103822955284004864.00
GM3 1.00 223 3 583162.81 35.72 2.58 10.86 0.57 0.48 37.42 13000.45 15284548.56 0.0003715751 15.48 398046812239280105062400.00
GM3 1.00 224 3 636301.96 35.76 -5.26 -59.46 0.62 0.43 69.59 23192.47 4214140.63 0.0000015026 2.93 2495591354359253013889024.00
GM3 1.00 225 9 1909004.50 32.33 2.38 -41.91 0.79 0.45 52.98 15986.64 8831454.88 0.0000262768 5.65 807645589201991136968704.00
GM3 1.00 226 6 1294389.97 37.02 -1.24 21.44 0.91 0.53 42.80 15252.08 9913194.65 0.0000433182 15.52 692543432600744112422912.00
GM3 1.00 227 2 431535.03 29.30 -3.33 22.32 0.20 0.19 36.98 19755.75 9869061.25 0.0000161541 8.79 1068915043148907937792000.00
GM3 1.00 228 10 2034615.57 39.93 1.67 18.14 1.22 0.68 43.89 14283.29 12009913.45 0.0000918096 14.97 542698790893869902856192.00
GM3 1.00 229 3 594157.68 19.58 1.73 23.39 0.32 0.27 30.55 15661.83 15717059.73 0.0001385591 11.36 525041105654676252000256.00
GM3 1.00 230 4 849767.65 39.89 2.84 9.47 1.01 0.71 41.10 15545.85 10835905.74 0.0000515973 17.97 673135438259656476065792.00
GM3 1.00 231 2 439397.37 64.91 -0.34 3.39 0.16 0.15 65.00 42941.02 10468695.74 0.0000015515 8.20 3796048292682217140781056.00
GM3 1.00 232 4 907407.28 19.70 0.38 25.41 0.95 0.54 32.15 13679.69 17635289.59 0.0003742831 16.28 384205244835748420517888.00
GM3 1.00 233 2 424345.50 15.05 -0.34 25.00 0.42 0.42 29.19 18848.87 14990242.26 0.0000699932 10.68 759788643029828904157184.00
GM3 1.00 234 3 589359.22 24.79 -1.64 23.84 0.65 0.50 34.43 21375.37 8683283.65 0.0000093522 10.69 1333551442136871781531648.00
GM3 1.00 235 6 1295443.46 15.64 11.32 21.77 1.03 0.59 29.10 16818.71 12113414.74 0.0000497765 12.14 709006945406435335340032.00
GM3 1.00 236 2 366835.06 20.92 4.48 23.66 0.20 0.17 31.90 18311.54 11176117.08 0.0000286303 18.73 864650631567171550969856.00
GM3 1.00 237 2 426727.70 13.47 26.16 16.78 0.06 0.06 33.88 61090.61 20500708.81 0.0000000749 1.71 4363119782984718582022144.00
GM3 1.00 238 14 2895215.77 48.53 2.46 19.01 2.12 1.07 52.18 14289.25 10294682.06 0.0000617155 15.39 609036463583975031439360.00
GM3 1.00 239 2 424515.87 61.57 8.11 -30.57 0.22 0.22 69.22 45220.76 7974563.07 0.0000001365 3.24 4977986947106269736992768.00
GM3 1.00 240 2 430107.66 12.12 -0.04 27.45 0.43 0.42 30.01 14917.66 16096294.59 0.0002021035 19.19 479053967009057366605824.00
GM3 1.00 241 2 436774.63 29.64 0.78 23.88 0.14 0.14 38.07 18195.30 9333568.33 0.0000193735 1.97 966309989448148458668032.00
GM3 1.00 242 2 370581.78 -25.75 1.07 40.15 0.21 0.18 47.71 18962.96 9424292.24 0.0000173027 4.75 1027682343285735009812480.00
GM3 1.00 243 2 424963.70 -19.27 14.44 37.03 0.17 0.17 44.17 18672.95 6072100.63 0.0000070373 1.08 1348615519408989566664704.00
GM3 1.00 244 7 1514971.36 -26.21 3.79 40.01 1.16 0.80 47.98 14866.17 11750553.97 0.0000753225 17.78 587603123462541523550208.00
GM3 1.00 245 3 482564.10 -24.94 3.37 42.30 0.69 0.47 49.22 13724.25 10014355.24 0.0000642237 15.76 572255574340519851982848.00
GM3 1.00 246 3 644432.95 15.33 16.09 24.41 0.48 0.32 33.01 22116.01 8798836.51 0.0000080813 7.45 1399116878252842468507648.00
GM3 1.00 247 5 1064210.97 9.62 -1.28 29.33 0.67 0.46 30.89 11886.47 18529387.17 0.0007619777 11.71 284652863915068798009344.00
GM3 1.00 248 2 369620.90 -24.59 3.97 40.99 0.50 0.42 47.96 15996.41 10109955.21 0.0000376332 14.18 735809490310047039750144.00
GM3 1.00 249 3 592835.10 -28.41 3.99 41.05 0.29 0.25 50.08 18762.55 11055339.85 0.0000255006 6.15 905779932951089711677440.00
GM3 1.00 250 5 1006966.70 10.71 7.61 35.65 1.03 0.71 38.00 18610.34 9453317.57 0.0000199710 12.95 1001929559323852094308352.00
GM3 1.00 251 3 642532.19 -37.53 20.31 32.83 0.42 0.28 53.84 19312.05 5943249.76 0.0000060149 2.14 1447073132622162583093248.00
GM3 1.00 252 2 430871.04 -32.27 20.84 35.31 0.10 0.10 52.18 19847.38 5069634.77 0.0000038944 1.28 1687043141812630100901888.00
GM3 1.00 253 2 442194.18 -121.90 144.18 42.99 0.22 0.22 193.64 20606.78 16903218.50 0.0000462239 17.68 789783256065336846319616.00
GM3 1.00 254 2 469003.33 -29.40 -1.37 44.81 0.25 0.25 53.61 14684.49 11298265.71 0.0000727960 5.60 591071929967234479292416.00
GM3 1.00 255 2 424583.95 -22.71 53.58 35.06 0.03 0.03 67.94 55170.35 9471597.09 0.0000000560 0.58 6173469957238468993089536.00
GM3 1.00 256 2 448352.00 7.01 14.77 37.49 0.09 0.09 40.90 15666.67 14071353.09 0.0000967026 4.96 564309685312217826721792.00
