model linking_length pyfof_grp N clump_mass[Msol] com_x[kpc] com_y[kpc] com_z[kpc] max_r[kpc] clump_r_avg[kpc] r[kpc] avg_temp[K] avg_pressure[Pa] avg_nHden[cm^-3] vdist[km/s] entropy[K/(Msolkpc**3)**(2/3)]
GM3noBHs 1.00 0 7 1492838.12 1.76 0.59 -15.79 1.21 0.87 15.90 14267.71 32619030.66 0.0001948095 19.11 288854636134270832214016.00
GM3noBHs 1.00 1 5 1060420.64 2.58 -1.17 -15.50 1.07 0.79 15.76 17135.73 30620987.52 0.0000926186 14.30 424942991230168717066240.00
GM3noBHs 1.00 2 3 638055.81 -2.39 0.53 -15.32 0.77 0.63 15.51 15149.03 33573372.54 0.0002891354 11.35 334117033877067435868160.00
GM3noBHs 1.00 3 2 424168.26 5.14 14.25 -6.60 0.47 0.47 16.53 22187.00 6302445.76 0.0000003016 2.97 1757382216767271231029248.00
GM3noBHs 1.00 4 2 425705.82 7.78 12.67 -6.15 0.48 0.48 16.09 23561.26 7310499.79 0.0000003523 7.23 1767909443897545287794688.00
GM3noBHs 1.00 5 2 424170.63 -4.75 7.86 -13.94 0.48 0.48 16.70 21263.00 18820597.83 0.0000049815 12.85 791314630651164797960192.00
GM3noBHs 1.00 6 5 1060498.20 -3.76 5.81 -14.28 0.94 0.66 15.87 15427.95 24777527.42 0.0000488836 15.09 387478522575767186964480.00
GM3noBHs 1.00 7 2 384411.82 -3.29 -11.26 -10.70 0.53 0.47 15.88 22806.18 8266728.26 0.0000006283 16.06 1542310619287034966048768.00
GM3noBHs 1.00 8 2 304028.08 -5.04 -13.25 -7.75 0.47 0.33 16.16 18996.77 8931748.51 0.0000010712 3.58 1065460498086280365604864.00
GM3noBHs 1.00 9 6 1054066.89 3.22 -13.85 -5.68 1.10 0.80 15.31 15150.16 18010221.99 0.0000173646 19.49 463624731359533424705536.00
GM3noBHs 1.00 10 2 375091.12 -5.20 -13.61 -5.98 0.43 0.37 15.75 18588.71 6496641.73 0.0000005622 6.50 1270354215253734441615360.00
GM3noBHs 1.00 11 66 14021403.28 -2.00 2.76 -15.54 3.26 1.53 15.91 11154.86 65397691.95 0.0084257136 29.70 127682189178531567632384.00
GM3noBHs 1.00 12 3 530010.12 9.95 6.09 -10.48 0.83 0.64 15.68 27848.77 7259038.10 0.0000002063 16.73 2323521239320658672877568.00
GM3noBHs 1.00 13 2 426152.56 -0.24 4.50 -14.37 0.49 0.49 15.06 20562.57 23666899.56 0.0000115256 11.70 643370230798687206899712.00
GM3noBHs 1.00 14 2 369415.94 6.22 2.65 -14.12 0.56 0.49 15.66 21349.25 14835672.60 0.0000025160 1.90 930301325465095132676096.00
GM3noBHs 1.00 15 5 1019626.74 9.54 -11.37 -4.95 1.47 0.87 15.65 18360.82 18395799.68 0.0000083335 18.06 628614714092883164528640.00
GM3noBHs 1.00 16 3 651795.95 5.11 -12.23 -7.75 0.73 0.52 15.35 16514.86 12313927.12 0.0000038492 17.29 685926238194770083053568.00
GM3noBHs 1.00 17 2 434665.32 9.35 -10.72 -6.52 0.50 0.49 15.65 17831.77 17880275.07 0.0000097250 8.12 616294029314404888084480.00
GM3noBHs 1.00 18 2 426566.86 1.25 1.41 -15.32 0.22 0.22 15.43 12726.11 40783419.55 0.0004292504 4.70 195750443511294275354624.00
GM3noBHs 1.00 19 2 370896.68 5.45 2.78 -15.85 0.44 0.38 16.99 18460.61 13722654.73 0.0000033530 5.64 766365492491024118841344.00
GM3noBHs 1.00 20 2 424168.26 6.53 -2.59 -14.58 0.34 0.34 16.19 29128.95 19580360.39 0.0000015308 5.76 1308367209211710616371200.00
GM3noBHs 1.00 21 2 424168.26 12.51 -7.61 -8.25 0.23 0.23 16.80 31253.05 18626788.61 0.0000009655 3.52 1512513492695814265372672.00
GM3noBHs 1.00 22 2 424168.26 10.99 -7.77 -6.95 0.47 0.47 15.14 50021.36 44242840.85 0.0000004158 10.20 1870079978083241382903808.00
GM3noBHs 1.00 23 3 450868.91 10.01 -8.76 -8.30 0.62 0.46 15.68 33958.75 31237329.11 0.0000031571 8.86 1228601173205674518118400.00
GM3noBHs 1.00 24 4 848336.51 1.90 -2.16 15.46 0.74 0.61 15.73 14856.98 28541393.16 0.0000871504 15.02 328827490077395428311040.00
GM3noBHs 1.00 25 2 424172.26 2.76 2.85 15.33 0.46 0.46 15.83 25541.92 20218389.30 0.0000027823 5.50 1021733885540500970143744.00
GM3noBHs 1.00 26 3 636252.38 -0.13 -0.18 16.30 0.56 0.52 16.30 15273.29 18602493.22 0.0000188167 8.43 466809421123365541773312.00
GM3noBHs 1.00 27 2 424168.26 1.38 -0.27 15.79 0.44 0.44 15.85 14641.20 26118803.33 0.0000745913 7.34 344641421803468946931712.00
GM3noBHs 1.00 28 2 429493.30 0.61 -1.86 16.18 0.14 0.14 16.30 15660.15 23674118.10 0.0000334495 4.71 405072102545405979394048.00
GM3noBHs 1.00 29 32 6791619.82 -4.20 2.97 15.16 3.63 2.00 16.00 12972.49 36016451.81 0.0004059555 19.43 233342128830744411242496.00
GM3noBHs 1.00 30 2 424168.26 0.43 5.30 14.25 0.49 0.49 15.21 18271.53 22427911.14 0.0000146932 2.56 545484091940988709240832.00
GM3noBHs 1.00 31 2 424168.26 4.22 -1.74 15.59 0.46 0.46 16.25 22339.18 18783562.06 0.0000040172 8.93 860673471195529315614720.00
GM3noBHs 1.00 32 2 433886.73 8.05 13.59 0.54 0.32 0.32 15.80 25196.68 5142906.65 0.0000001323 12.89 2473307411351029837463552.00
GM3noBHs 1.00 33 2 424168.26 -0.19 3.32 15.75 0.39 0.39 16.10 17565.49 27849715.26 0.0000410479 19.96 443063558030736645685248.00
GM3noBHs 1.00 34 2 424168.26 -3.62 6.30 14.90 0.31 0.31 16.58 26079.10 26671217.05 0.0000111151 21.32 903181249629846667001856.00
GM3noBHs 1.00 35 2 424168.31 3.23 -0.39 15.05 0.47 0.47 15.40 21063.07 24952814.47 0.0000111812 16.64 643148939703277712310272.00
GM3noBHs 1.00 36 5 1060420.64 -1.29 4.05 14.74 1.27 0.81 15.34 13840.56 38398224.47 0.0003727548 22.41 245954066817254145654784.00
GM3noBHs 1.00 37 2 424168.26 -0.63 7.10 14.91 0.31 0.31 16.53 23255.14 18433657.24 0.0000034340 3.68 935668553543097203556352.00
GM3noBHs 1.00 38 3 636252.40 -5.13 -0.14 15.47 0.64 0.46 16.30 13027.37 27050854.52 0.0001157906 5.13 272014766031845548097536.00
GM3noBHs 1.00 39 2 424168.26 1.40 3.37 -15.76 0.49 0.49 16.18 18527.92 19173547.40 0.0000083397 3.72 619522396106703599828992.00
GM3noBHs 1.00 40 2 434094.75 -4.76 2.23 -14.56 0.31 0.31 15.48 15213.50 36921393.30 0.0002210482 7.54 294932254020130029174784.00
GM3noBHs 1.00 41 2 424168.26 4.71 0.08 -16.14 0.37 0.37 16.82 20530.56 18149920.50 0.0000051479 10.17 767425565165499845705728.00
GM3noBHs 1.00 42 3 636252.38 3.24 -3.14 15.87 0.60 0.42 16.50 17060.56 20665732.51 0.0000149552 5.96 514422567365432129355776.00
GM3noBHs 1.00 43 2 424201.26 -0.35 -5.86 14.81 0.43 0.43 15.93 27267.94 19835213.53 0.0000019490 14.19 1156674328542573854982144.00
GM3noBHs 1.00 44 2 424168.26 10.84 -6.05 8.87 0.49 0.49 15.26 22662.59 17449611.05 0.0000031604 2.51 930667596291302651592704.00
GM3noBHs 1.00 45 2 424411.90 9.97 -9.81 8.88 0.42 0.42 16.56 22151.58 17315995.30 0.0000035781 3.59 902273260012036192993280.00
GM3noBHs 1.00 46 2 424168.26 7.17 -11.48 7.53 0.48 0.48 15.49 61741.40 27845344.83 0.0000000807 25.44 3609450813213990742654976.00
GM3noBHs 1.00 47 6 1043856.96 7.66 -13.18 -3.72 1.11 0.83 15.69 21161.87 18596661.03 0.0000049704 26.54 787452867040520085438464.00
GM3noBHs 1.00 48 2 375325.69 -12.19 -4.91 10.05 0.54 0.46 16.54 38187.19 14576459.28 0.0000002771 11.07 2479393004899823112945664.00
GM3noBHs 1.00 49 2 380422.74 -10.17 -7.01 9.29 0.48 0.41 15.45 34088.89 21891929.72 0.0000011669 11.39 1562663116613259418927104.00
GM3noBHs 1.00 50 2 424184.10 -10.14 -4.37 11.77 0.38 0.38 16.14 49673.59 26922998.62 0.0000002663 7.90 2560415151308004785127424.00
GM3noBHs 1.00 51 2 304226.62 -1.48 -15.10 6.72 0.24 0.24 16.59 53581.57 36706023.26 0.0000002270 25.37 2363850351331617024245760.00
GM3noBHs 1.00 52 4 854918.39 -2.35 -14.25 5.43 0.79 0.59 15.42 23498.22 20678474.09 0.0000047392 20.53 876004198975652646354944.00
GM3noBHs 1.00 53 4 742780.43 -8.73 -9.42 9.82 1.15 0.73 16.17 30819.47 16841148.99 0.0000008598 12.13 1648002578453476388372480.00
GM3noBHs 1.00 54 2 364816.86 -3.81 -9.24 12.25 0.31 0.27 15.81 38580.33 12385333.89 0.0000001881 16.21 2807439058275928331255808.00
GM3noBHs 1.00 55 3 467313.81 -10.23 -10.56 5.06 0.70 0.58 15.55 19948.73 16703865.51 0.0000062831 14.85 778285742515979185815552.00
GM3noBHs 1.00 56 2 368537.17 0.33 -14.39 4.92 0.36 0.31 15.21 16293.56 22087682.93 0.0000231764 6.88 452159423681344391086080.00
GM3noBHs 1.00 57 4 848777.26 1.67 -15.64 4.89 0.83 0.50 16.47 20453.96 21435445.18 0.0000081181 17.31 676682722802612102496256.00
GM3noBHs 1.00 58 4 814837.79 1.69 -15.32 1.20 0.85 0.62 15.46 16892.85 22508584.28 0.0000235242 30.42 476959708833145170165760.00
GM3noBHs 1.00 59 2 364845.64 -8.32 -0.90 13.72 0.57 0.49 16.07 22973.91 14865385.95 0.0000021622 5.38 1065691687335594731503616.00
GM3noBHs 1.00 60 2 428569.75 -9.52 -3.73 -13.00 0.40 0.40 16.53 26206.36 10283102.18 0.0000005213 10.73 1671498218448170308861952.00
GM3noBHs 1.00 61 2 381366.61 -3.90 -12.45 -8.13 0.51 0.45 15.37 16230.98 10632082.45 0.0000029067 10.17 736186069439319250042880.00
GM3noBHs 1.00 62 2 424168.26 14.97 -7.45 0.70 0.46 0.46 16.73 15593.98 21605670.48 0.0000247271 2.91 428723018561604875714560.00
GM3noBHs 1.00 63 3 636252.38 15.34 -6.53 -0.81 0.73 0.53 16.69 18193.28 19964140.82 0.0000111515 3.45 589138642614621768253440.00
GM3noBHs 1.00 64 3 636252.38 14.36 -6.80 2.80 0.73 0.49 16.13 15896.09 23399202.38 0.0000464796 9.25 435159632828819719585792.00
GM3noBHs 1.00 65 9 1908757.15 12.81 -7.80 4.53 1.48 1.06 15.67 13754.29 27347070.92 0.0001002047 7.18 297192584283430269747200.00
GM3noBHs 1.00 66 2 424168.26 12.90 -8.08 2.56 0.41 0.41 15.43 15113.01 24601865.02 0.0000516537 4.75 375024977123866197360640.00
GM3noBHs 1.00 67 2 374918.01 -7.56 13.21 1.67 0.46 0.40 15.31 56397.00 16452823.93 0.0000000576 16.19 4415009207988653012287488.00
GM3noBHs 1.00 68 2 363916.96 -5.01 13.33 6.88 0.57 0.48 15.81 37235.78 6877204.52 0.0000000677 7.86 3912921523977624393613312.00
GM3noBHs 1.00 69 2 433637.80 -4.66 15.12 -1.30 0.36 0.36 15.87 44774.24 9721964.74 0.0000000749 17.66 4246507063550201389121536.00
GM3noBHs 1.00 70 2 361835.21 -5.64 5.94 13.37 0.46 0.39 15.68 54239.59 26131925.72 0.0000001560 16.72 3035879105757273992986624.00
GM3noBHs 1.00 71 6 1239427.43 3.37 -15.26 3.42 1.04 0.78 15.99 15713.66 18052035.95 0.0000149961 15.90 490633197034061015547904.00
GM3noBHs 1.00 72 2 265208.08 1.87 -14.64 -4.76 0.13 0.11 15.51 16740.20 13807622.95 0.0000049243 4.15 646313744687476324171776.00
GM3noBHs 1.00 73 2 424168.26 12.43 -9.98 5.18 0.50 0.50 16.76 16081.65 22332270.53 0.0000261544 6.04 443757346935950047969280.00
GM3noBHs 1.00 74 3 636252.38 12.70 -8.81 6.46 0.93 0.64 16.75 14684.39 24428583.43 0.0000596629 8.42 361264056465687094231040.00
GM3noBHs 1.00 75 2 424168.26 11.61 -8.40 7.00 0.49 0.49 15.95 15458.59 21894556.55 0.0000273496 3.39 419223581690436620648448.00
GM3noBHs 1.00 76 2 424168.26 5.06 -5.33 -15.12 0.30 0.30 16.81 46045.01 31103843.82 0.0000003925 12.29 2047755731905759745671168.00
GM3noBHs 1.00 77 2 369625.67 14.33 -4.31 6.42 0.35 0.30 16.28 57848.78 22557581.71 0.0000000817 3.16 3710091123646374346752000.00
