model linking_length pyfof_grp N clump_mass[Msol] com_x[kpc] com_y[kpc] com_z[kpc] max_r[kpc] clump_r_avg[kpc] r[kpc] avg_temp[K] avg_pressure[Pa] avg_nHden[cm^-3] vdist[km/s] entropy[K/(Msolkpc**3)**(2/3)]
GM3noBHs 1.00 0 2 416671.62 -153.90 -71.64 -132.50 0.40 0.39 215.34 15627.76 9751631.69 0.0000246621 2.43 724045307090295997857792.00
GM3noBHs 1.00 1 7 1171353.65 -152.55 -75.36 -127.23 1.65 1.08 212.46 13128.16 12061214.09 0.0000948298 14.20 467438357351211626135552.00
GM3noBHs 1.00 2 6 849458.14 -152.37 -73.90 -128.67 0.93 0.72 212.69 13180.39 12516562.02 0.0000982476 14.12 453539862948823420633088.00
GM3noBHs 1.00 3 4013 689380195.30 -148.86 -64.59 -120.42 12.08 3.96 202.07 14424.43 2052068559.40 0.2643324450 49.72 82650240344255969099776.00
GM3noBHs 1.00 4 2 276608.86 -175.40 -93.61 -73.33 0.52 0.43 211.91 19401.28 909241.44 0.0000000772 4.72 5183465695132174717550592.00
GM3noBHs 1.00 5 2 321330.08 -174.89 -89.61 -77.19 0.61 0.45 211.13 21804.82 1091699.60 0.0000000799 4.46 5575923147433524034797568.00
GM3noBHs 1.00 6 2 429042.39 -191.54 -88.27 -18.84 0.44 0.43 211.74 26173.79 1385080.22 0.0000000737 4.22 6483595419983026541559808.00
GM3noBHs 1.00 7 2 366288.88 -163.07 -76.17 -48.12 0.45 0.39 186.31 22918.71 1793274.26 0.0000001879 4.76 4364123782220535516102656.00
GM3noBHs 1.00 8 2 220274.71 -170.44 -74.58 -68.66 0.11 0.10 198.31 28056.92 1490692.55 0.0000000706 1.07 6849572882188526281555968.00
GM3noBHs 1.00 9 2 424316.41 -194.87 -72.81 -49.10 0.37 0.37 213.74 24145.31 1045956.46 0.0000000535 2.36 6836445093741608287862784.00
GM3noBHs 1.00 10 2 424191.19 -162.41 -87.69 -74.29 0.42 0.42 198.96 21723.95 1270158.88 0.0000001098 1.73 5007593728772856573067264.00
GM3noBHs 1.00 11 2 424277.62 -189.82 -68.34 -7.88 0.31 0.31 201.91 26635.74 1915424.33 0.0000001291 6.91 5379585567992866733555712.00
GM3noBHs 1.00 12 2 365074.35 -164.51 -82.06 -47.77 0.43 0.37 189.94 25402.70 1603960.61 0.0000001090 1.48 5580687859721332729053184.00
GM3noBHs 1.00 13 2 431240.50 -161.33 -84.00 -51.72 0.34 0.33 189.10 24841.21 1519179.59 0.0000001062 7.33 5548945884986390358261760.00
GM3noBHs 1.00 14 3 563048.53 -158.59 -64.55 -112.11 0.76 0.56 204.66 14605.12 10310371.43 0.0000407191 21.64 620669202494936588484608.00
GM3noBHs 1.00 15 7 1057323.48 -150.81 -63.37 -112.79 1.67 0.94 198.69 12717.35 13978094.50 0.0001800494 16.59 406383333933570154561536.00
GM3noBHs 1.00 16 2 278865.55 -159.90 -61.64 -113.17 0.47 0.37 205.36 19116.73 4029122.97 0.0000019265 11.19 1852788177382233390186496.00
GM3noBHs 1.00 17 2 234191.64 -163.34 -63.70 -111.19 0.63 0.40 207.61 17861.69 6171933.58 0.0000058127 1.86 1224062908843479109992448.00
GM3noBHs 1.00 18 2 320610.26 -151.18 -60.65 -76.38 0.65 0.49 179.91 33994.21 2316279.11 0.0000000839 1.87 7058039052694006320332800.00
GM3noBHs 1.00 19 2 249143.93 -152.68 -52.16 -108.99 0.36 0.30 194.70 24291.63 1419711.70 0.0000001039 7.41 5514086107351844848140288.00
GM3noBHs 1.00 20 2 323814.99 -153.25 -58.25 -110.81 0.46 0.35 197.88 19452.08 5812204.32 0.0000043988 17.88 1494354420378895980167168.00
GM3noBHs 1.00 21 2 287351.20 -153.04 -64.02 -113.03 0.47 0.39 200.74 14642.59 13836596.42 0.0000848634 8.58 502844297177889194901504.00
GM3noBHs 1.00 22 4 691100.50 -153.89 -64.89 -113.56 0.95 0.58 201.96 12176.02 17281086.38 0.0004131679 19.74 313515436683296650559488.00
GM3noBHs 1.00 23 16 2632840.41 -156.95 -65.71 -114.14 2.06 1.13 204.89 12076.02 18951444.28 0.0006154607 24.13 292978635619679946670080.00
GM3noBHs 1.00 24 2 207739.55 -165.25 -59.73 -106.12 0.24 0.23 205.27 23142.00 3354246.81 0.0000006931 6.74 2855024549250913710112768.00
GM3noBHs 1.00 25 2 336825.72 -167.23 -63.23 -106.45 0.28 0.27 208.08 19222.63 3746575.10 0.0000015573 8.65 1945059111351971701850112.00
GM3noBHs 1.00 26 3 476510.80 -159.38 -75.56 -118.56 0.25 0.22 212.53 16504.13 8582640.80 0.0000152277 8.18 861335712956817042571264.00
GM3noBHs 1.00 27 2 316064.55 -156.74 -75.37 -117.20 0.65 0.47 209.72 18425.48 6606034.57 0.0000061332 7.03 1230096904841385851486208.00
GM3noBHs 1.00 28 3 450170.47 -160.63 -64.65 -112.13 0.68 0.55 206.29 15335.22 8118756.42 0.0000173070 15.39 787486714970108703277056.00
GM3noBHs 1.00 29 2 369245.17 -166.86 -65.84 -94.83 0.46 0.43 202.90 21218.68 2702452.08 0.0000005668 2.37 2878963751726399862341632.00
GM3noBHs 1.00 30 2 384326.97 -159.81 -80.15 -80.89 0.44 0.38 196.23 21668.89 1533949.75 0.0000001666 4.29 4382843954819433710485504.00
GM3noBHs 1.00 31 2 380229.38 -165.10 -80.57 -90.57 0.50 0.45 204.82 20723.13 1540719.88 0.0000001893 2.57 4057889226958502094700544.00
GM3noBHs 1.00 32 3 484666.00 -168.91 -68.23 -91.54 0.72 0.59 203.88 24665.53 2350258.34 0.0000002698 3.53 4074982486829371997814784.00
GM3noBHs 1.00 33 2 460021.70 -155.18 -69.11 -110.97 0.49 0.47 202.90 18907.91 7386155.13 0.0000075677 22.99 1201597651667420778070016.00
GM3noBHs 1.00 34 4 774033.60 -154.75 -67.38 -113.20 1.00 0.63 203.23 13182.43 13889739.69 0.0001695116 13.62 436893555571008877887488.00
GM3noBHs 1.00 35 10 1669080.97 -156.19 -67.21 -116.03 1.40 0.84 205.86 11246.55 23510752.31 0.0014497079 24.01 216936607320710186008576.00
GM3noBHs 1.00 36 3 563978.67 -161.41 -65.37 -119.11 0.68 0.47 210.98 13205.48 11570117.99 0.0000803754 25.70 484500966865649671340032.00
GM3noBHs 1.00 37 2 362259.35 -159.71 -67.31 -113.95 0.51 0.48 207.42 18712.48 9188593.67 0.0000119155 14.01 1013347903732145964711936.00
GM3noBHs 1.00 38 2 375167.31 -149.65 -58.26 -112.60 0.27 0.24 196.14 14383.26 12726164.30 0.0000730725 10.17 517724840006892025544704.00
GM3noBHs 1.00 39 2 320613.06 -151.30 -62.41 -79.14 0.53 0.40 181.80 26329.84 1992629.33 0.0000001548 8.18 5081181347354487132520448.00
GM3noBHs 1.00 40 2 346804.28 -150.47 -60.81 -112.64 0.65 0.46 197.56 13089.58 11761759.66 0.0000888009 3.86 473008826047478829678592.00
GM3noBHs 1.00 41 2 314891.80 -149.08 -63.98 -111.01 0.50 0.49 196.57 17791.48 10625989.38 0.0000199136 10.87 841316823877612457689088.00
GM3noBHs 1.00 42 5 707185.65 -148.68 -66.11 -111.71 1.17 0.79 197.37 14537.32 11189620.17 0.0000511148 32.00 580979954313453396557824.00
GM3noBHs 1.00 43 2 462354.76 -148.61 -60.91 -113.70 0.32 0.31 196.78 11902.12 18485509.85 0.0005797301 5.54 288822672715408941776896.00
GM3noBHs 1.00 44 2 207975.52 -148.65 -51.10 -115.93 0.24 0.22 195.31 16634.59 4001693.17 0.0000028160 11.04 1453066188831710825676800.00
GM3noBHs 1.00 45 2 236854.95 -149.10 -56.47 -112.85 0.68 0.46 195.34 17876.57 10925151.27 0.0000215157 15.51 830274023793065281454080.00
GM3noBHs 1.00 46 3 507675.47 -149.65 -56.39 -116.27 0.60 0.53 197.72 14172.21 14014234.17 0.0001163308 14.27 480250195770773306605568.00
GM3noBHs 1.00 47 3 546508.14 -149.28 -53.75 -115.90 0.84 0.60 196.48 14996.18 7832797.90 0.0000172125 6.20 775383225103571266568192.00
GM3noBHs 1.00 48 3 534787.54 -153.83 -65.92 -131.25 0.37 0.31 212.69 14837.71 9123846.74 0.0000257945 15.53 689122535955028305248256.00
GM3noBHs 1.00 49 2 258196.91 -155.24 -66.17 -133.52 0.68 0.42 215.18 18383.12 9136167.40 0.0000138980 4.15 1008103035373723116896256.00
GM3noBHs 1.00 50 5 681136.52 -152.37 -70.22 -125.61 0.83 0.69 209.58 11185.21 24023359.95 0.0016528409 21.52 213449191043074267021312.00
GM3noBHs 1.00 51 3 494434.15 -154.81 -70.39 -127.75 0.49 0.42 212.70 13596.26 14747517.07 0.0001361451 19.63 424876747669519795748864.00
GM3noBHs 1.00 52 3 508170.24 -154.59 -68.89 -127.68 0.52 0.44 212.00 13792.14 13201042.81 0.0000968406 19.10 472851597960847411904512.00
GM3noBHs 1.00 53 3 374826.76 -152.20 -76.18 -123.48 0.89 0.54 210.27 18029.51 10380412.38 0.0000179164 17.91 874155091152612093853696.00
GM3noBHs 1.00 54 2 302768.07 -151.12 -75.00 -127.78 0.47 0.45 211.63 13626.63 9667157.54 0.0000426906 9.34 576764345161771319820288.00
GM3noBHs 1.00 55 2 347559.40 -151.03 -73.65 -127.01 0.51 0.49 210.63 17543.82 10552573.02 0.0000267054 9.64 841275343897148975480832.00
GM3noBHs 1.00 56 2 406040.76 -151.33 -78.43 -127.36 0.32 0.28 212.77 16831.85 6988416.61 0.0000092802 19.47 1020624541778250477600768.00
GM3noBHs 1.00 57 9 1827543.86 -152.24 -71.18 -129.00 1.60 0.95 211.86 12195.57 16645824.21 0.0003667716 17.29 327550371423944160837632.00
GM3noBHs 1.00 58 3 598276.30 -152.21 -70.33 -131.97 0.77 0.51 213.38 14059.69 11938798.52 0.0000665302 16.01 528676965931455759777792.00
GM3noBHs 1.00 59 2 272310.57 -150.91 -77.06 -128.51 0.45 0.36 212.66 14120.42 6937643.96 0.0000164888 3.23 769610698709703078182912.00
GM3noBHs 1.00 60 6 890641.50 -151.35 -72.14 -116.71 1.06 0.66 204.29 12183.86 16067417.18 0.0003408171 14.37 335127993351558173556736.00
GM3noBHs 1.00 61 2 215985.08 -153.86 -75.77 -116.76 0.58 0.36 207.48 33139.28 14314442.78 0.0000039069 15.45 1959549321893666181087232.00
GM3noBHs 1.00 62 2 317243.95 -151.48 -82.28 -51.50 0.57 0.43 179.91 27937.41 1601778.67 0.0000000799 3.93 6522525717663164420587520.00
GM3noBHs 1.00 63 2 384106.63 -151.54 -67.08 -81.50 0.58 0.47 184.68 28613.82 1845057.98 0.0000001022 4.40 6157964214365886642913280.00
GM3noBHs 1.00 64 2 428935.62 -151.33 -67.10 -112.55 0.52 0.47 200.17 13704.71 15316371.21 0.0001926235 24.79 430112760863991160373248.00
GM3noBHs 1.00 65 2 424182.57 -151.12 -71.17 -35.33 0.23 0.23 170.73 27126.79 1876981.47 0.0000001201 3.73 5615782881911083460722688.00
GM3noBHs 1.00 66 2 424345.52 -151.01 -70.84 -33.46 0.18 0.18 170.12 24383.24 1800742.05 0.0000001559 1.32 4829924561468838293536768.00
GM3noBHs 1.00 67 2 416800.16 -150.18 -67.57 -105.93 0.39 0.34 195.81 17307.47 5624797.83 0.0000052788 10.40 1233880482560783576727552.00
GM3noBHs 1.00 68 2 531802.68 -150.37 -75.41 -71.28 0.51 0.46 182.69 23487.14 1595760.83 0.0000001429 2.83 4857090159342248863465472.00
GM3noBHs 1.00 69 2 424191.26 -149.18 -74.28 -33.58 0.35 0.35 170.00 35785.03 2174395.02 0.0000000571 7.94 8089800478249307001061376.00
GM3noBHs 1.00 70 5 740672.26 -150.98 -72.09 -113.73 1.37 0.74 202.30 15209.93 11963896.30 0.0000643155 23.13 625924305791049323773952.00
GM3noBHs 1.00 71 3 432421.86 -149.80 -73.25 -113.29 0.95 0.62 201.59 16770.27 7348253.62 0.0000106649 37.34 986005511451263599902720.00
GM3noBHs 1.00 72 2 288796.58 -171.62 -72.33 -103.72 0.34 0.26 213.17 26920.54 1957525.88 0.0000001379 11.91 5337979626347281283809280.00
GM3noBHs 1.00 73 2 384318.87 -165.79 -70.91 -115.40 0.35 0.32 214.09 16037.54 4908699.05 0.0000049226 4.01 1200959215793198044545024.00
GM3noBHs 1.00 74 2 322998.02 -163.74 -71.08 -108.02 0.36 0.30 208.64 29475.17 2669207.20 0.0000001864 12.62 5019547981144703853658112.00
GM3noBHs 1.00 75 2 424292.66 -186.79 -64.45 -5.97 0.49 0.49 197.69 28813.50 1826291.18 0.0000000953 6.08 6327628788098136904040448.00
GM3noBHs 1.00 76 2 455954.34 -189.36 -83.62 -14.30 0.42 0.39 207.49 31944.82 2158964.93 0.0000000957 4.01 6712193552458401030602752.00
GM3noBHs 1.00 77 2 498587.44 -176.64 -59.97 -25.30 0.42 0.38 188.25 25459.84 1443191.38 0.0000000893 5.10 6005818775056713674391552.00
GM3noBHs 1.00 78 2 308058.51 -161.77 -63.51 -117.85 0.47 0.44 209.98 15716.38 7719795.18 0.0000164647 6.88 869048009651985651335168.00
GM3noBHs 1.00 79 2 223849.73 -158.57 -63.78 -117.85 0.16 0.15 207.61 11934.75 14274174.60 0.0002059899 7.92 345311369645293834338304.00
GM3noBHs 1.00 80 5 836573.35 -159.38 -65.05 -117.99 1.43 0.87 208.70 12582.43 13243643.08 0.0001415770 23.65 404131388592158188503040.00
GM3noBHs 1.00 81 7 1351966.06 -156.83 -64.07 -119.29 1.37 0.91 207.20 12870.69 16841517.55 0.0003055794 26.35 353761897468607869222912.00
GM3noBHs 1.00 82 3 653948.71 -156.65 -61.67 -118.85 0.62 0.52 206.08 12198.01 15524197.67 0.0002504964 15.88 337174541555031273897984.00
GM3noBHs 1.00 83 12 2118824.22 -159.12 -62.28 -118.73 2.01 1.25 208.07 12246.58 14621012.24 0.0002411645 24.54 362268826327051099176960.00
GM3noBHs 1.00 84 3 625551.90 -154.86 -59.52 -117.74 0.50 0.41 203.44 11496.22 18424838.34 0.0006119993 8.53 266554667410470094241792.00
GM3noBHs 1.00 85 2 309006.45 -162.98 -60.13 -117.55 0.54 0.44 209.75 18021.15 6480311.94 0.0000063899 5.65 1206070080248401159520256.00
GM3noBHs 1.00 86 2 337195.96 -155.07 -57.96 -113.85 0.23 0.17 200.92 13971.59 6326869.49 0.0000130715 7.63 794925608553337950568448.00
GM3noBHs 1.00 87 11 2106213.09 -154.71 -60.41 -117.18 2.50 1.30 203.26 12343.86 16991858.94 0.0004934357 21.75 340734616447273819701248.00
GM3noBHs 1.00 88 2 210903.12 -164.27 -50.72 -115.65 0.36 0.24 207.20 19926.99 1859094.54 0.0000003264 5.69 3300781857411193473335296.00
GM3noBHs 1.00 89 2 321746.09 -162.65 -47.75 -115.65 0.41 0.34 205.21 20055.17 2856599.08 0.0000007760 9.10 2499732166277337068863488.00
GM3noBHs 1.00 90 3 591351.13 -160.55 -48.43 -116.74 0.59 0.53 204.33 17340.25 3947257.58 0.0000024136 11.22 1572191103564760047681536.00
GM3noBHs 1.00 91 4 729731.73 -155.97 -61.89 -115.22 0.61 0.57 203.55 14467.98 11971513.21 0.0000601781 32.68 546189305040017173774336.00
GM3noBHs 1.00 92 2 308442.81 -157.54 -61.06 -116.78 0.35 0.27 205.39 13979.13 11850518.26 0.0000687699 9.52 520940577803613822255104.00
GM3noBHs 1.00 93 2 345231.81 -165.98 -55.41 -118.82 0.38 0.35 211.51 18712.38 3965880.97 0.0000019221 5.03 1781951883419212492832768.00
GM3noBHs 1.00 94 2 227318.23 -163.07 -55.03 -119.46 0.51 0.48 209.50 17949.17 4751847.39 0.0000032782 13.72 1466422183378117227184128.00
GM3noBHs 1.00 95 2 287702.39 -159.42 -59.49 -117.13 0.64 0.49 206.57 17018.09 7026798.85 0.0000091997 17.02 1034605577302931744489472.00
GM3noBHs 1.00 96 2 205852.86 -155.10 -59.90 -114.97 0.32 0.31 202.14 14144.89 8562384.85 0.0000267756 20.06 661237414059795546112000.00
GM3noBHs 1.00 97 5 847277.55 -156.41 -59.71 -116.63 0.97 0.65 204.04 12274.43 14886585.31 0.0002269288 16.56 353061222645293241073664.00
GM3noBHs 1.00 98 2 335182.22 -156.12 -58.29 -115.75 0.50 0.43 202.90 14410.78 9549237.73 0.0000326423 9.67 631867369174820903190528.00
GM3noBHs 1.00 99 2 206522.02 -150.58 -47.38 -117.21 0.52 0.46 196.61 17210.74 3987181.51 0.0000025342 4.71 1547523357167417506660352.00
GM3noBHs 1.00 100 2 297785.67 -151.18 -58.44 -116.98 0.49 0.41 199.89 14024.72 13405243.33 0.0000907464 17.54 477675291468807182221312.00
GM3noBHs 1.00 101 4 561712.50 -150.67 -57.52 -118.06 0.80 0.59 199.87 15048.12 14364979.22 0.0001064552 28.15 521257119162216900198400.00
GM3noBHs 1.00 102 3 466571.98 -150.73 -59.16 -111.81 0.66 0.56 196.78 14766.14 11216258.22 0.0000513401 14.11 597223469941485975109632.00
GM3noBHs 1.00 103 4 585389.95 -152.34 -66.17 -108.08 1.15 0.72 198.16 17953.13 6373881.65 0.0000067225 28.44 1221942080632168432795648.00
GM3noBHs 1.00 104 2 317036.64 -153.18 -68.68 -115.10 0.60 0.42 203.54 12043.27 21291338.95 0.0008603728 24.97 268671198195414969876480.00
GM3noBHs 1.00 105 2 267473.38 -152.79 -68.59 -113.63 0.45 0.37 202.39 15128.13 11584610.71 0.0000469412 13.90 602113633155451539423232.00
GM3noBHs 1.00 106 3 478695.87 -152.40 -71.56 -111.47 0.79 0.64 201.92 20418.28 6651951.35 0.0000053212 21.18 1482404903055898257129472.00
GM3noBHs 1.00 107 3 550725.45 -150.74 -57.81 -115.47 0.32 0.28 198.49 12828.11 16176564.43 0.0002472430 35.65 360002140989031641513984.00
GM3noBHs 1.00 108 3 489356.27 -148.91 -63.89 -128.13 0.73 0.58 206.58 11629.03 18242768.00 0.0005457392 22.13 274765673597762191491072.00
GM3noBHs 1.00 109 3 465476.42 -148.96 -58.25 -125.62 1.00 0.64 203.38 18226.26 9683929.99 0.0000156813 23.38 940468111976246462644224.00
GM3noBHs 1.00 110 2 281867.89 -148.42 -57.83 -118.88 0.56 0.44 198.76 13175.62 12130458.01 0.0000864688 14.32 463625946514482119311360.00
GM3noBHs 1.00 111 2 474636.52 -151.38 -53.26 -116.53 0.46 0.44 198.33 15365.55 6162350.26 0.0000097087 3.75 959642099707094241378304.00
GM3noBHs 1.00 112 19 3419690.85 -159.30 -65.24 -121.42 2.73 1.49 210.65 12402.00 18158523.02 0.0004589098 28.73 315192547358366333140992.00
GM3noBHs 1.00 113 4 714928.72 -155.20 -64.98 -121.18 0.87 0.54 207.34 14015.23 15369727.84 0.0001457763 15.42 432791572526736139616256.00
GM3noBHs 1.00 114 4 665067.36 -162.18 -56.59 -120.46 0.76 0.68 209.79 24231.46 8458790.19 0.0000047251 20.08 1652654227327446461448192.00
GM3noBHs 1.00 115 2 347062.95 -161.25 -63.53 -121.12 0.69 0.50 211.45 13034.78 14515775.30 0.0001630568 8.35 401004029088169828810752.00
GM3noBHs 1.00 116 7 1151152.51 -153.24 -59.20 -121.56 1.16 0.81 204.36 12840.84 14948021.25 0.0001895223 32.68 380895100250931020693504.00
GM3noBHs 1.00 117 2 275340.02 -160.94 -48.07 -119.34 0.29 0.23 206.05 17017.13 2715930.22 0.0000011380 6.10 1957928479530129574330368.00
GM3noBHs 1.00 118 2 279918.08 -155.41 -59.33 -119.56 0.49 0.46 204.86 14429.76 9282692.01 0.0000325527 21.05 650620387099057238048768.00
GM3noBHs 1.00 119 4 675096.15 -158.02 -63.61 -120.17 0.90 0.64 208.46 11909.67 17379036.87 0.0004249205 22.07 297921897831159522394112.00
GM3noBHs 1.00 120 2 319926.97 -159.43 -63.63 -118.88 0.59 0.44 208.81 12204.27 16652097.66 0.0003150350 13.72 322337841124335142567936.00
GM3noBHs 1.00 121 2 315659.73 -154.06 -37.09 -127.18 0.54 0.41 203.19 23367.81 1165989.15 0.0000000781 7.98 5892957787162580994752512.00
GM3noBHs 1.00 122 2 325296.51 -162.13 -64.43 -121.29 0.37 0.26 212.48 13331.65 14454498.97 0.0001415888 5.32 417379383946440995766272.00
GM3noBHs 1.00 123 4 708960.96 -161.52 -63.34 -122.43 0.69 0.44 212.34 14267.94 13932372.95 0.0001080954 17.26 489956777771820528959488.00
GM3noBHs 1.00 124 2 294015.91 -152.30 -52.47 -135.62 0.41 0.34 210.57 19983.90 2730956.19 0.0000007265 7.92 2570321210660834380873728.00
GM3noBHs 1.00 125 2 317338.14 -150.51 -54.14 -134.65 0.35 0.34 209.08 21863.58 2759520.27 0.0000005775 8.34 2960337814277892910088192.00
GM3noBHs 1.00 126 4 746845.95 -155.49 -59.00 -123.08 0.99 0.67 206.90 16046.31 11857822.11 0.0000484457 24.39 665584965613947153547264.00
GM3noBHs 1.00 127 6 980912.41 -154.21 -57.92 -123.62 1.15 0.78 205.95 14403.73 12007566.33 0.0000711885 23.34 550689276177972608368640.00
GM3noBHs 1.00 128 2 353713.10 -156.79 -56.66 -125.21 0.48 0.47 208.50 16537.41 5024055.34 0.0000048236 4.48 1239845118532355543269376.00
GM3noBHs 1.00 129 2 342727.20 -156.84 -56.17 -122.68 0.24 0.24 206.89 19379.38 5479593.19 0.0000035075 8.72 1516136315575937785659392.00
GM3noBHs 1.00 130 2 373938.32 -154.23 -59.56 -131.73 0.46 0.37 211.40 18538.51 6176789.97 0.0000052128 5.60 1305055485015223508664320.00
GM3noBHs 1.00 131 2 223071.10 -154.75 -59.17 -129.20 0.57 0.50 210.10 19728.53 7391849.76 0.0000062861 31.00 1281476978471790968832000.00
GM3noBHs 1.00 132 2 430482.04 -155.47 -43.72 -140.58 0.47 0.46 214.11 22826.45 1849284.93 0.0000002149 15.72 4169611843102741104689152.00
GM3noBHs 1.00 133 2 466156.21 -151.28 -60.60 -130.13 0.39 0.36 208.55 16334.36 7654128.87 0.0000122014 8.14 916484010271317558296576.00
GM3noBHs 1.00 134 4 712371.50 -156.73 -64.49 -130.18 0.69 0.57 213.71 16030.37 10701872.13 0.0000321415 13.47 708864709989528424677376.00
GM3noBHs 1.00 135 2 284436.00 -156.14 -63.27 -131.38 0.07 0.06 213.64 17744.50 11462240.32 0.0000243997 6.84 795887355563400293777408.00
GM3noBHs 1.00 136 3 439304.45 -154.57 -64.57 -131.52 0.70 0.55 212.98 14795.47 10698041.80 0.0000407499 9.88 616301905415853442072576.00
GM3noBHs 1.00 137 3 576339.67 -150.91 -61.78 -127.91 0.87 0.61 207.25 13366.09 15158162.17 0.0001669593 13.44 404691747106009345163264.00
GM3noBHs 1.00 138 139 20766273.10 12.64 6.16 5.64 4.34 1.60 15.15 147920.58 8292134240.93 0.1469395945 62.73 403893203160004458184704.00
GM3noBHs 1.00 139 4 873279.68 3.88 23.00 16.12 0.52 0.31 28.35 13131.41 24050076.76 0.0007385782 10.19 282282205676803171811328.00
GM3noBHs 1.00 140 3 651319.70 -3.58 51.85 18.77 0.58 0.47 55.26 19515.66 7596608.71 0.0000065286 6.68 1256846468721307404992512.00
GM3noBHs 1.00 141 7 1454364.73 1.64 39.64 21.93 0.93 0.49 45.34 14026.47 15365743.59 0.0001278155 13.58 444751028554916928946176.00
GM3noBHs 1.00 142 2 370300.14 -24.82 25.55 10.12 0.08 0.07 37.03 20732.12 8013551.42 0.0000058906 1.14 1341598481259482719453184.00
GM3noBHs 1.00 143 4 830988.23 3.06 40.92 11.81 0.56 0.33 42.70 15754.63 10953037.40 0.0000313398 2.88 682443888421389562019840.00
GM3noBHs 1.00 144 14 2392818.94 9.14 8.59 8.54 2.56 1.01 15.17 73095.88 3525296523.13 0.0583694864 49.60 199653544050559478136832.00
GM3noBHs 1.00 145 2 426598.67 -9.17 26.63 24.97 0.12 0.12 37.64 16895.30 10675454.18 0.0000226365 10.00 782846885417732085383168.00
GM3noBHs 1.00 146 2 439871.37 -3.80 6.81 20.72 0.06 0.06 22.14 12432.16 24028936.88 0.0008872100 5.07 255586758461278916706304.00
GM3noBHs 1.00 147 2 406067.14 3.45 15.79 23.27 0.12 0.10 28.34 13324.66 20606080.36 0.0004123613 10.18 326602046457647076474880.00
GM3noBHs 1.00 148 2 314663.73 -132.42 -58.08 -116.78 0.16 0.12 185.87 16157.79 4756829.93 0.0000044955 7.23 1229617057334147812425728.00
GM3noBHs 1.00 149 3 389113.32 -134.34 -49.80 -116.70 0.90 0.61 184.79 17524.81 3591751.90 0.0000018778 12.36 1710010366347159548198912.00
GM3noBHs 1.00 150 2 301410.28 -133.02 -46.88 -118.73 0.45 0.43 184.36 20919.25 2390888.73 0.0000004807 6.11 3041939443158474999988224.00
GM3noBHs 1.00 151 2 310597.36 -129.09 -51.27 -115.42 0.60 0.46 180.59 24637.58 1860907.83 0.0000001728 6.31 4741988427218878946344960.00
GM3noBHs 1.00 152 2 429373.32 -131.27 -55.60 -120.19 0.50 0.49 186.46 16853.28 4395597.73 0.0000035587 6.79 1412286218612682231119872.00
GM3noBHs 1.00 153 2 383567.14 -107.97 -57.92 -26.79 0.30 0.28 125.41 25877.49 2158207.95 0.0000001923 5.80 4673764837195174822019072.00
GM3noBHs 1.00 154 7 1058798.99 -106.27 -54.97 -28.69 1.23 0.99 123.04 24457.46 3036391.82 0.0000004691 6.66 3391666886751070418108416.00
GM3noBHs 1.00 155 2 391781.21 -103.36 -54.98 -26.93 0.42 0.35 120.13 22181.17 3113390.16 0.0000006680 1.87 2824816887687699165609984.00
GM3noBHs 1.00 156 2 300803.52 -119.74 -60.53 -117.95 0.50 0.45 178.65 33762.49 3228163.75 0.0000001813 5.91 5500887645382864774627328.00
GM3noBHs 1.00 157 3 683133.25 -116.82 -64.89 -11.90 0.46 0.38 134.16 24658.98 2187720.46 0.0000002252 3.98 4304726191386850259632128.00
GM3noBHs 1.00 158 2 341192.97 -125.77 -60.83 -114.37 0.41 0.38 180.55 17221.47 3345150.65 0.0000017093 5.68 1735426050815174968868864.00
GM3noBHs 1.00 159 2 260428.34 -133.40 -57.88 -112.12 0.64 0.50 183.62 23723.24 4058145.14 0.0000009396 8.08 2619254962392202085400576.00
GM3noBHs 1.00 160 2 446696.99 -126.83 -63.77 -111.96 0.41 0.40 180.79 17231.64 2965994.18 0.0000013155 5.76 1885258639872463845982208.00
GM3noBHs 1.00 161 2 261408.41 -148.37 -62.87 -111.55 0.44 0.27 195.98 19404.10 11693647.29 0.0000178914 5.97 919205344404523001577472.00
GM3noBHs 1.00 162 2 319185.46 -147.25 -62.91 -113.34 0.16 0.14 196.18 13579.65 17003610.91 0.0002257158 9.73 382149236166472815869952.00
GM3noBHs 1.00 163 3 545132.60 -147.81 -64.08 -113.03 0.78 0.56 196.80 15441.62 16815480.83 0.0001934500 45.08 493006578489600793116672.00
GM3noBHs 1.00 164 2 286769.82 -106.68 -92.55 -19.19 0.34 0.26 142.53 26995.90 1427466.87 0.0000000736 9.76 6606075892742335928205312.00
GM3noBHs 1.00 165 2 473583.23 -143.52 -62.16 -107.10 0.35 0.35 189.56 16551.87 6553402.05 0.0000083934 6.54 1036550697456921961562112.00
GM3noBHs 1.00 166 3 541457.45 -138.13 -65.21 -109.03 0.89 0.53 187.67 17185.80 6799279.32 0.0000082685 10.44 1076470490335361414201344.00
GM3noBHs 1.00 167 2 401922.52 -143.36 -62.88 -108.71 0.48 0.44 190.59 16522.80 7304991.21 0.0000107010 11.99 962368632702610763153408.00
GM3noBHs 1.00 168 2 305333.74 -131.72 -69.57 -103.03 0.49 0.40 181.12 26677.50 2295780.88 0.0000002031 11.85 4667161504437802733928448.00
GM3noBHs 1.00 169 49 8171627.96 -142.27 -61.24 -114.90 3.94 1.63 192.85 10816.69 24744727.74 0.0026905398 15.31 209129686552322863267840.00
GM3noBHs 1.00 170 2 214731.45 -135.79 -70.15 -97.46 0.24 0.24 181.27 27037.99 1749556.16 0.0000001093 10.21 5760813395726891424415744.00
GM3noBHs 1.00 171 2 330492.96 -144.87 -71.27 -60.93 0.47 0.36 172.57 31767.75 1558264.84 0.0000000505 5.89 8174292967807485248274432.00
GM3noBHs 1.00 172 3 520653.17 -143.61 -70.65 -108.96 0.65 0.53 193.62 17572.79 5830058.33 0.0000057498 20.01 1240106418632557640810496.00
GM3noBHs 1.00 173 3 348843.02 -135.06 -67.02 -107.22 1.01 0.52 185.01 20454.52 4174100.71 0.0000016542 16.38 2009693202857956023992320.00
GM3noBHs 1.00 174 2 335668.89 -132.09 -66.48 -105.83 0.34 0.34 181.84 21574.38 3336752.84 0.0000008691 14.25 2541997134459725741555712.00
GM3noBHs 1.00 175 2 332167.05 -139.70 -65.26 -111.69 0.29 0.28 190.39 14754.69 8175195.04 0.0000200213 10.64 731745402924489485844480.00
GM3noBHs 1.00 176 4 575304.42 -141.12 -67.29 -111.54 0.78 0.67 192.05 17870.78 11069964.06 0.0000317522 30.55 844443680907981976764416.00
GM3noBHs 1.00 177 2 307710.51 -135.11 -64.84 -113.95 0.38 0.29 188.26 15402.82 6843528.54 0.0000117197 7.64 885491268912856715755520.00
GM3noBHs 1.00 178 2 211470.71 -139.09 -66.00 -112.33 0.43 0.34 190.58 13918.81 9349944.73 0.0000347659 7.66 604720897496723599917056.00
GM3noBHs 1.00 179 3 531849.63 -137.23 -63.19 -113.14 0.76 0.55 188.75 14418.36 9244402.90 0.0000307883 10.72 650198759115592029962240.00
GM3noBHs 1.00 180 3 555064.90 -138.00 -65.28 -113.81 0.84 0.59 190.42 14445.21 9141708.45 0.0000301837 15.10 657998819436239165325312.00
GM3noBHs 1.00 181 2 317768.60 -150.50 -70.70 -129.33 0.42 0.37 210.65 15271.05 12696854.51 0.0000620724 27.96 584010565231752257732608.00
GM3noBHs 1.00 182 2 391771.36 -143.74 -77.12 -60.59 0.55 0.49 174.01 24137.89 1387861.31 0.0000000987 0.18 5579060282324815911583744.00
GM3noBHs 1.00 183 2 380262.72 -140.12 -85.24 -49.44 0.31 0.28 171.30 27797.07 1378794.15 0.0000000616 7.13 7126704465658802461474816.00
GM3noBHs 1.00 184 8 1422163.69 -148.06 -62.21 -129.81 1.92 0.96 206.50 12538.04 15399015.73 0.0002335265 16.33 362458036482630389596160.00
GM3noBHs 1.00 185 2 212711.12 -149.23 -64.86 -134.76 0.48 0.45 211.27 19069.50 7437360.28 0.0000069865 16.35 1210851787312833071415296.00
GM3noBHs 1.00 186 4 815928.88 -149.64 -65.18 -129.68 1.17 0.71 208.46 12642.98 13251472.78 0.0001347710 21.31 403868928532906783014912.00
GM3noBHs 1.00 187 2 281638.95 -148.43 -83.37 -54.27 0.57 0.50 178.68 21040.65 1769175.85 0.0000002426 7.81 3784244221446766932787200.00
GM3noBHs 1.00 188 3 437227.18 -149.16 -67.92 -129.49 0.72 0.53 208.88 13781.25 12994050.44 0.0001274419 15.46 497119661009652055801856.00
GM3noBHs 1.00 189 2 211415.72 -139.17 -68.42 -110.75 0.41 0.32 190.56 31546.08 12019395.04 0.0000059558 10.47 2039296452246992186245120.00
GM3noBHs 1.00 190 2 270893.56 -143.09 -68.26 -109.32 0.51 0.45 192.57 20064.93 5448971.00 0.0000030758 6.08 1614084450204202769055744.00
GM3noBHs 1.00 191 2 231697.50 -135.39 -68.66 -107.39 0.75 0.48 185.95 19712.66 4655832.37 0.0000023200 5.62 1741003157045122758082560.00
GM3noBHs 1.00 192 2 349678.91 -140.24 -56.36 -105.73 0.13 0.13 184.45 22545.17 3273391.25 0.0000007095 2.71 2781445553623137045708800.00
GM3noBHs 1.00 193 2 376823.76 -139.88 -58.78 -107.02 0.31 0.27 185.67 19057.25 5315336.78 0.0000033825 3.59 1514356834329951937232896.00
GM3noBHs 1.00 194 2 305839.22 -137.41 -58.72 -112.62 0.49 0.40 187.11 16520.08 7034269.12 0.0000104240 5.31 987577263620508367192064.00
GM3noBHs 1.00 195 2 342127.32 -138.68 -54.51 -114.11 0.56 0.43 187.69 14778.89 8555424.36 0.0000219670 17.38 712446192041043746095104.00
GM3noBHs 1.00 196 6 1141075.45 -138.09 -55.44 -115.63 1.42 0.92 188.45 13513.57 11666763.42 0.0000783385 22.02 501793454764267554209792.00
GM3noBHs 1.00 197 4 822156.90 -137.57 -57.88 -115.62 0.77 0.62 188.79 12574.08 13911234.17 0.0001544001 10.11 386091808192265145286656.00
GM3noBHs 1.00 198 2 434623.78 -140.87 -57.22 -114.66 0.39 0.39 190.44 15692.54 9360001.03 0.0000243520 5.93 746788209432822307356672.00
GM3noBHs 1.00 199 3 554464.22 -136.93 -55.96 -114.54 0.98 0.66 187.09 14182.29 11507967.33 0.0000710987 7.76 561005112585317733367808.00
GM3noBHs 1.00 200 2 406577.54 -140.76 -60.21 -112.26 0.58 0.48 189.84 14406.73 10592904.38 0.0000432050 13.29 591080558899887935062016.00
GM3noBHs 1.00 201 2 218692.34 -138.20 -60.44 -106.77 0.27 0.26 184.80 20034.85 5004171.84 0.0000026017 8.25 1711207621875621177589760.00
GM3noBHs 1.00 202 2 393146.20 -139.02 -59.31 -110.20 0.61 0.43 187.05 16014.87 7314555.84 0.0000122059 7.48 907603054847389207625728.00
GM3noBHs 1.00 203 4 834136.73 -152.99 -76.88 -125.46 0.91 0.67 212.26 13974.08 11321369.76 0.0000722093 14.22 556682119741652131119104.00
GM3noBHs 1.00 204 2 388224.64 -157.12 -75.95 -125.89 0.36 0.33 215.19 19127.46 8055071.54 0.0000083272 13.37 1146982409559712571850752.00
GM3noBHs 1.00 205 2 433874.78 -154.15 -84.43 -124.41 0.44 0.35 215.34 39937.41 4313522.01 0.0000001488 4.89 6043765775143313568956416.00
GM3noBHs 1.00 206 3 411270.34 -155.30 -69.56 -132.14 0.51 0.47 215.45 16841.66 8043565.98 0.0000123775 18.88 933146714193973645148160.00
GM3noBHs 1.00 207 6 1184109.21 -158.35 -67.86 -122.18 1.29 0.77 211.21 14226.54 13094801.10 0.0001013215 26.88 513130367893839535931392.00
GM3noBHs 1.00 208 2 252726.32 -147.33 -58.86 -111.44 0.49 0.38 193.88 55451.34 22992193.46 0.0000001429 19.96 3384737225460563094536192.00
GM3noBHs 1.00 209 2 231756.22 -141.70 -60.97 -112.78 0.48 0.41 191.09 14680.21 12285475.37 0.0000616617 17.25 552455313701779764412416.00
GM3noBHs 1.00 210 2 221262.50 -146.42 -64.38 -110.57 0.12 0.08 194.45 19789.86 7297977.91 0.0000059789 17.61 1299417814104536837521408.00
GM3noBHs 1.00 211 4 401708.34 -143.83 -61.56 -110.48 0.92 0.71 191.53 17136.06 8490275.86 0.0000136778 13.01 923442297306471957790720.00
GM3noBHs 1.00 212 5 983707.35 -147.42 -70.19 -113.13 0.81 0.58 198.64 15059.89 10303834.35 0.0000358386 19.06 649733546199786236936192.00
GM3noBHs 1.00 213 2 258188.39 -147.55 -73.97 -110.89 0.61 0.39 198.84 38313.97 7975481.67 0.0000006260 28.46 3722957329394837313552384.00
GM3noBHs 1.00 214 2 368775.43 -141.11 -83.40 -48.67 0.50 0.43 170.98 25829.69 1380123.26 0.0000000788 7.47 6298890474425881618022400.00
GM3noBHs 1.00 215 3 517111.12 -146.92 -68.68 -111.79 0.67 0.57 196.97 16324.62 8966932.44 0.0000188092 15.49 817271920052432543940608.00
GM3noBHs 1.00 216 3 481054.68 -158.67 -65.73 -116.53 0.65 0.45 207.55 13046.62 12466974.57 0.0000974060 11.60 444463685391832508792832.00
GM3noBHs 1.00 217 2 404102.72 -204.04 -61.03 -27.62 0.46 0.43 214.75 26268.27 1435079.61 0.0000000789 8.13 6349725917703642086899712.00
GM3noBHs 1.00 218 2 272820.49 -166.61 -70.37 -116.33 0.57 0.48 215.04 15566.46 6011839.99 0.0000083517 9.16 996962089249110967189504.00
GM3noBHs 1.00 219 2 389906.19 -157.41 -78.19 -104.27 0.49 0.42 204.37 32790.04 2130807.54 0.0000000815 2.90 6972185580485203151814656.00
GM3noBHs 1.00 220 2 422965.05 -154.77 -71.00 -116.64 0.33 0.27 206.40 14383.61 13517571.63 0.0000868801 18.07 496905587197280167919616.00
GM3noBHs 1.00 221 2 295793.67 -152.76 -76.05 -118.53 0.36 0.31 207.77 45695.61 19054767.46 0.0000040709 8.52 2779987760386694717636608.00
GM3noBHs 1.00 222 2 322131.11 -163.81 -67.31 -118.81 0.63 0.48 213.26 16676.18 7295469.78 0.0000102983 5.16 977168585300523092017152.00
GM3noBHs 1.00 223 2 317767.35 -124.61 -63.79 -114.84 0.47 0.44 181.07 17057.29 3183251.05 0.0000015782 1.94 1766295505649517375520768.00
GM3noBHs 1.00 224 2 448591.72 -138.14 -63.49 -116.93 0.31 0.29 191.80 14729.50 9184530.20 0.0000267575 6.77 673327488494771009224704.00
GM3noBHs 1.00 225 2 470773.09 -136.93 -64.51 -116.26 0.49 0.42 190.86 13472.59 10736935.47 0.0000577187 5.49 519617240405603684188160.00
GM3noBHs 1.00 226 2 319329.90 -137.43 -65.70 -116.32 0.28 0.27 191.66 13770.59 9709775.23 0.0000394067 14.15 578401348944943829221376.00
GM3noBHs 1.00 227 5 941244.45 -139.04 -66.94 -116.76 0.98 0.72 193.51 12780.27 12861250.81 0.0001182837 17.73 420945609326924474089472.00
GM3noBHs 1.00 228 2 380403.96 -93.99 -48.59 6.32 0.27 0.23 105.99 27794.27 3435135.25 0.0000003860 4.88 3892338952880871541047296.00
GM3noBHs 1.00 229 3 523905.66 -96.12 -50.60 7.26 0.76 0.66 108.86 21442.88 3558115.43 0.0000009435 2.64 2456979361766060863782912.00
GM3noBHs 1.00 230 2 424247.92 24.93 54.87 19.04 0.31 0.31 63.20 21590.10 5424598.13 0.0000022323 4.98 1875233493880479936413696.00
GM3noBHs 1.00 231 2 373899.80 15.07 40.59 18.24 0.39 0.33 46.98 19991.08 7355061.91 0.0000055972 9.27 1335465225305317623988224.00
GM3noBHs 1.00 232 2 424796.93 13.62 15.87 7.50 0.04 0.04 22.22 11678.23 32059029.78 0.0023319689 1.80 180824723659107577364480.00
GM3noBHs 1.00 233 11 2064349.95 -50.02 -43.60 -1.06 1.37 0.75 66.37 17672.37 9744624.88 0.0000170919 10.90 897579969007755349458944.00
GM3noBHs 1.00 234 3 561349.04 -50.95 -45.13 -1.62 0.32 0.26 68.08 17480.37 9660348.81 0.0000163044 6.62 879600642941546294935552.00
GM3noBHs 1.00 235 3 556356.58 16.39 3.10 3.42 0.29 0.15 17.03 11305.83 90611694.00 0.0252067592 7.95 68108624571956750974976.00
GM3noBHs 1.00 236 2 433037.79 -15.88 1.72 4.02 0.15 0.15 16.47 14003.45 18887432.19 0.0002417767 10.11 381725286900568875335680.00
GM3noBHs 1.00 237 6 1275139.71 15.46 1.97 4.52 0.07 0.04 16.22 11856.11 269040727.05 0.0915915493 5.94 33035057589591270752256.00
GM3noBHs 1.00 238 7 1405764.58 -47.16 -21.08 0.86 0.64 0.38 51.67 21569.71 9117309.31 0.0000066768 7.13 1316377334834540939575296.00
GM3noBHs 1.00 239 10 2086954.92 -73.31 -23.34 -1.20 1.37 0.88 76.95 19099.84 6505480.66 0.0000051971 9.28 1354968467118499179790336.00
GM3noBHs 1.00 240 2 142021.52 15.65 1.70 7.29 0.14 0.14 17.35 12397.00 55995716.12 0.0105139667 17.53 114611209716538705707008.00
GM3noBHs 1.00 241 2 381343.64 15.07 -47.39 8.12 0.08 0.07 50.38 61589.69 17391678.73 0.0000000592 4.97 4966181306964440766218240.00
GM3noBHs 1.00 242 2 435825.49 -19.27 6.79 14.61 0.23 0.22 25.11 15714.91 15769422.98 0.0000868443 3.07 529679531749472353648640.00
GM3noBHs 1.00 243 3 593675.53 -13.15 5.51 30.64 0.50 0.37 33.79 15067.72 16061945.42 0.0001099287 3.96 487430328030016542081024.00
GM3noBHs 1.00 244 3 636976.39 15.15 -5.27 -1.29 0.21 0.15 16.10 10910.61 49947437.16 0.0105607482 6.45 102293330743494187155456.00
GM3noBHs 1.00 245 6 1308082.53 12.03 26.12 -0.33 0.33 0.20 28.76 12621.02 26390265.21 0.0010766778 9.69 244345856400587472502784.00
GM3noBHs 1.00 246 2 424606.35 30.45 18.05 3.24 0.14 0.14 35.55 15729.59 14682821.40 0.0000699110 8.01 557637849929887325880320.00
GM3noBHs 1.00 247 3 535242.70 16.33 -33.35 1.80 0.57 0.29 37.18 36934.61 19339250.27 0.0000043304 4.92 1958505629299924885569536.00
GM3noBHs 1.00 248 9 1914649.36 18.76 -8.55 2.12 0.62 0.22 20.72 11381.10 62868317.68 0.0140829902 11.69 93301679693988060200960.00
GM3noBHs 1.00 249 4 851328.18 13.27 -21.87 1.42 0.22 0.18 25.62 14152.09 22082654.04 0.0004009317 11.13 346278539675840471367680.00
GM3noBHs 1.00 250 3 636615.01 21.78 50.98 -18.37 0.17 0.12 58.41 22424.99 6012755.39 0.0000024078 2.36 1862333845859142171885568.00
GM3noBHs 1.00 251 8 1696929.70 3.83 80.85 -45.59 0.19 0.09 92.89 28032.14 4396377.41 0.0000005481 0.71 3349843228294498488418304.00
GM3noBHs 1.00 252 7 1450175.45 11.42 51.91 -3.08 0.85 0.57 53.24 18066.89 10469432.67 0.0000171487 6.47 888773568885856661405696.00
GM3noBHs 1.00 253 11 2109228.24 -61.04 -22.71 -2.59 1.10 0.61 65.18 17746.34 7408245.04 0.0000085172 12.43 1088680334628431081766912.00
GM3noBHs 1.00 254 7 1423136.13 -20.76 4.55 -6.78 0.63 0.38 22.30 14582.56 19319066.06 0.0002294787 9.52 404880538274775475159040.00
GM3noBHs 1.00 255 2 311723.34 -68.20 -30.98 -3.44 0.09 0.09 74.99 23612.26 5849650.86 0.0000019075 4.68 2061597678980235284971520.00
GM3noBHs 1.00 256 12 2448950.55 -34.66 5.75 1.07 0.99 0.54 35.15 16273.15 21034549.46 0.0002389958 8.05 464277139020853593243648.00
GM3noBHs 1.00 257 2 385805.93 -62.19 -22.15 -1.85 0.50 0.45 66.04 36489.59 12797186.25 0.0000020975 6.22 2532495597978058747805696.00
GM3noBHs 1.00 258 3 616924.04 -68.21 -32.10 -2.37 0.70 0.52 75.42 34120.70 8960576.24 0.0000012823 10.64 2878477017145433477087232.00
GM3noBHs 1.00 259 2 352963.81 -49.61 -47.09 -2.02 0.35 0.32 68.43 27077.55 7084388.38 0.0000016598 3.75 2273834377690958119567360.00
GM3noBHs 1.00 260 2 396147.65 -97.29 -19.49 -12.02 0.29 0.25 99.95 37879.45 3802203.16 0.0000001417 3.67 6103174809569014084272128.00
GM3noBHs 1.00 261 2 390112.77 -95.32 -19.93 -11.56 0.47 0.43 98.06 29867.96 3496791.80 0.0000002812 2.93 4336745628617312714096640.00
GM3noBHs 1.00 262 2 443853.07 -144.45 -47.89 -108.97 0.22 0.21 187.17 21385.55 2254974.05 0.0000003949 4.18 3262900738825200211066880.00
GM3noBHs 1.00 263 2 351067.35 -136.19 -55.31 -116.15 0.27 0.26 187.35 13477.65 10517334.42 0.0000526375 4.16 528541363484754205212672.00
GM3noBHs 1.00 264 5 910050.03 -140.90 -68.42 -115.73 1.13 0.73 194.75 12163.14 13810622.44 0.0001910313 17.30 368715153449119815565312.00
GM3noBHs 1.00 265 13 2248773.50 -139.57 -60.56 -117.67 1.82 1.12 192.34 12384.87 15260699.47 0.0002528330 21.50 355911953355442237734912.00
GM3noBHs 1.00 266 2 254935.38 -143.03 -56.83 -110.63 0.33 0.30 189.54 25917.14 8034879.83 0.0000025440 1.69 1913778807351873831436288.00
GM3noBHs 1.00 267 2 330745.72 -143.14 -63.80 -116.18 0.35 0.33 195.08 13464.27 16196133.95 0.0002286812 11.84 393743959539721990832128.00
GM3noBHs 1.00 268 3 380490.86 -145.17 -62.33 -115.72 0.45 0.37 195.83 12808.94 22063744.66 0.0006951985 21.00 284115426273092748443648.00
GM3noBHs 1.00 269 2 349272.38 -139.55 -61.29 -115.17 0.62 0.46 191.04 12235.55 14336946.63 0.0001879901 8.45 359889363210048158826496.00
GM3noBHs 1.00 270 6 815210.12 -147.67 -55.92 -118.69 0.97 0.69 197.54 13100.51 11941667.05 0.0000845916 14.66 461883469831365214601216.00
GM3noBHs 1.00 271 5 821092.00 -146.82 -54.07 -119.90 1.53 0.88 197.12 14320.84 9246533.68 0.0000302848 19.23 641425844024090571046912.00
GM3noBHs 1.00 272 2 399082.60 -135.73 -60.97 -119.31 0.33 0.23 190.72 15966.99 6803836.77 0.0000103864 4.32 943244764318642095521792.00
GM3noBHs 1.00 273 2 435295.59 -137.92 -61.29 -114.14 0.36 0.36 189.23 13596.12 10626814.44 0.0000529779 12.79 531524162188480140541952.00
GM3noBHs 1.00 274 3 473210.95 -135.80 -51.22 -119.40 0.72 0.53 187.93 18576.14 5122497.28 0.0000036670 13.37 1496227687720023259873280.00
GM3noBHs 1.00 275 2 303503.36 -134.49 -57.16 -117.33 0.54 0.35 187.41 16011.47 8463073.19 0.0000165661 8.35 820034343383142057902080.00
GM3noBHs 1.00 276 2 280641.21 -135.24 -55.62 -117.46 0.35 0.29 187.57 14460.42 8200520.50 0.0000216795 4.83 708081769947036775350272.00
GM3noBHs 1.00 277 3 652637.45 -138.05 -59.30 -117.63 0.72 0.54 190.82 13258.03 11158413.86 0.0000728947 13.64 502965270133606784696320.00
GM3noBHs 1.00 278 2 280630.41 -142.80 -62.33 -118.90 0.52 0.33 196.00 16702.22 16544018.76 0.0001115723 19.71 566395020084884382154752.00
GM3noBHs 1.00 279 2 384894.66 -135.92 -52.95 -119.27 0.39 0.34 188.42 17008.39 5596733.60 0.0000054663 7.41 1202844988126640348332032.00
GM3noBHs 1.00 280 3 311423.02 -136.53 -57.46 -116.75 0.79 0.54 188.61 14806.12 11114267.67 0.0000441807 21.66 597997153125956925259776.00
GM3noBHs 1.00 281 2 277015.81 -134.81 -56.80 -130.79 0.45 0.40 196.23 15687.06 3874526.09 0.0000031170 5.38 1346920752137935094022144.00
GM3noBHs 1.00 282 2 326696.95 -141.96 -54.03 -129.87 0.64 0.49 199.84 18892.30 6077989.27 0.0000047937 15.43 1370228836273034534846464.00
GM3noBHs 1.00 283 2 293661.12 -126.35 -58.69 -129.38 0.53 0.44 190.12 17751.85 3021282.03 0.0000012543 8.71 1957406770566822625280000.00
GM3noBHs 1.00 284 8 1144731.90 -138.55 -57.71 -128.61 1.63 1.06 197.66 14452.51 8605716.08 0.0000252331 9.81 690212174315839530467328.00
GM3noBHs 1.00 285 2 443978.88 -142.94 -56.75 -129.26 0.49 0.47 200.90 14598.32 8317580.30 0.0000208459 10.74 713954711914804519370752.00
GM3noBHs 1.00 286 2 299987.13 -142.94 -57.28 -128.37 0.60 0.47 200.47 14933.49 9054657.97 0.0000248057 3.66 698878179778630594330624.00
GM3noBHs 1.00 287 2 240268.97 -144.26 -52.16 -133.97 0.33 0.22 203.67 19454.47 3675766.46 0.0000014255 11.95 2010853601116297338290176.00
GM3noBHs 1.00 288 4 723506.05 -142.08 -51.89 -132.57 0.74 0.53 201.14 17902.25 5893335.12 0.0000053573 10.72 1281545362327101568450560.00
GM3noBHs 1.00 289 3 535378.73 -142.08 -57.52 -131.51 0.52 0.45 201.97 15861.35 6667001.00 0.0000099378 9.79 957952137801367375839232.00
GM3noBHs 1.00 290 3 480219.94 -141.58 -54.00 -132.03 0.36 0.27 200.98 16418.56 8036590.12 0.0000135261 11.94 892052803235367153041408.00
GM3noBHs 1.00 291 2 227466.82 -137.57 -58.40 -130.50 0.16 0.11 198.41 17092.94 5557915.78 0.0000052661 7.84 1220944182165669364629504.00
GM3noBHs 1.00 292 2 285117.42 -130.07 -59.63 -130.10 0.43 0.38 193.39 17150.17 2288157.14 0.0000007856 3.53 2253254439033294926381056.00
GM3noBHs 1.00 293 2 307552.24 -136.94 -60.20 -132.95 0.59 0.49 200.13 17726.96 3595722.13 0.0000018466 10.94 1753059873825255105495040.00
GM3noBHs 1.00 294 2 425092.48 -143.37 -58.46 -127.65 0.35 0.35 200.67 13981.49 9972405.53 0.0000389892 5.47 586678111701753311264768.00
GM3noBHs 1.00 295 2 238028.99 -138.23 -62.71 -119.20 0.17 0.15 193.00 13825.34 10178403.90 0.0000444717 3.29 562383446756910279163904.00
GM3noBHs 1.00 296 3 521003.86 -136.94 -63.17 -119.04 0.55 0.36 192.13 13869.51 9762148.16 0.0000402717 6.61 584246637287210485809152.00
GM3noBHs 1.00 297 2 362734.21 -138.22 -64.81 -119.46 0.56 0.43 193.84 14162.09 10629402.68 0.0000471011 13.29 572735500833879018700800.00
GM3noBHs 1.00 298 7 1166158.12 -138.13 -67.08 -118.57 1.64 1.01 194.01 13204.22 12107736.89 0.0000927393 16.46 466857838601549784285184.00
GM3noBHs 1.00 299 4 542739.07 -134.39 -65.18 -119.64 0.94 0.54 191.37 17972.00 6638956.97 0.0000073272 11.64 1184899349419934340874240.00
GM3noBHs 1.00 300 2 441444.65 -141.84 -68.75 -116.84 0.47 0.44 196.21 12543.04 13868297.06 0.0001678979 8.47 387151772675600663183360.00
GM3noBHs 1.00 301 2 403094.87 -130.13 -69.20 -114.77 0.46 0.41 186.80 17995.34 4107739.37 0.0000023592 7.44 1629250737051310779006976.00
GM3noBHs 1.00 302 6 1133776.70 -142.94 -63.63 -117.65 1.22 0.80 195.76 13403.43 17574409.38 0.0002918682 32.48 366761268692386563751936.00
GM3noBHs 1.00 303 2 375151.46 -141.91 -65.27 -118.17 0.57 0.49 195.86 13433.25 11474083.56 0.0000763682 5.99 501716068535705909854208.00
GM3noBHs 1.00 304 3 616869.17 -139.89 -66.01 -120.21 0.61 0.43 195.90 12311.57 14261944.43 0.0001845488 19.30 364202656946611646627840.00
GM3noBHs 1.00 305 3 403100.51 -141.53 -66.63 -120.38 0.47 0.42 197.39 11895.95 14699888.44 0.0002474818 35.52 337291922260206731395072.00
GM3noBHs 1.00 306 2 333159.22 -118.94 -69.70 -120.11 0.37 0.36 182.84 21728.09 2109533.54 0.0000003282 15.31 3502418796170090985291776.00
GM3noBHs 1.00 307 2 249346.03 -132.10 -72.18 -119.20 0.44 0.34 192.02 16273.11 3737468.69 0.0000026004 2.46 1464138045591360527925248.00
GM3noBHs 1.00 308 2 406973.87 -143.57 -65.26 -126.46 0.44 0.38 202.15 12211.22 20979866.77 0.0007172828 3.37 268128203254776941510656.00
GM3noBHs 1.00 309 3 538237.08 -141.96 -67.00 -125.51 0.69 0.57 200.98 12692.69 13776159.49 0.0001532203 16.88 397740632950580260634624.00
GM3noBHs 1.00 310 4 570980.78 -142.43 -65.75 -128.10 0.66 0.52 202.53 13004.49 14911269.94 0.0001693132 23.23 391357258901294174699520.00
GM3noBHs 1.00 311 2 299698.31 -145.14 -70.33 -126.35 0.50 0.43 204.88 15736.63 9238583.49 0.0000242527 13.22 759766651701597162176512.00
GM3noBHs 1.00 312 4 323687.73 -145.53 -71.01 -125.00 0.85 0.62 204.56 15634.23 9674702.43 0.0000251213 16.95 720209268716636861366272.00
GM3noBHs 1.00 313 3 635214.44 -144.27 -66.51 -127.67 0.71 0.43 203.80 11279.34 19381298.72 0.0007570412 21.78 248119438847980557303808.00
GM3noBHs 1.00 314 2 421083.02 -143.73 -66.11 -131.68 0.33 0.31 205.84 16402.46 10417267.63 0.0000280389 12.92 756491752200528191291392.00
GM3noBHs 1.00 315 2 457652.14 -143.02 -70.69 -127.12 0.51 0.48 203.99 13967.57 9139409.55 0.0000357265 7.11 632504182465158430326784.00
GM3noBHs 1.00 316 3 509456.34 -141.23 -70.14 -129.55 0.58 0.38 204.08 15346.11 7529784.61 0.0000146390 11.70 826007391803708922658816.00
GM3noBHs 1.00 317 2 384726.42 -144.47 -64.66 -139.38 0.40 0.34 210.90 22042.98 3474507.16 0.0000008647 6.29 2578414104998235030421504.00
GM3noBHs 1.00 318 2 380308.55 -145.95 -64.49 -126.85 0.33 0.29 203.84 10962.85 20621097.87 0.0009782954 20.97 225607733085735447691264.00
GM3noBHs 1.00 319 7 1394099.24 -145.68 -63.22 -131.76 1.26 0.83 206.35 12806.71 14011029.15 0.0001802217 22.00 411340046387469881442304.00
GM3noBHs 1.00 320 4 671044.75 -143.74 -73.92 -127.37 0.88 0.54 205.78 15731.62 7979297.60 0.0000154663 17.99 827963752354367229919232.00
GM3noBHs 1.00 321 3 327845.20 -143.33 -73.50 -129.13 0.46 0.31 206.45 14749.65 6379450.83 0.0000117067 9.93 873166388296130624487424.00
GM3noBHs 1.00 322 3 393814.38 -142.58 -74.33 -127.93 1.06 0.60 205.47 14500.45 6986921.45 0.0000157034 17.86 802558015418070693052416.00
GM3noBHs 1.00 323 2 442193.35 -145.91 -65.60 -139.66 0.34 0.33 212.37 20180.83 3790668.24 0.0000013367 1.44 2111441375953297462001664.00
GM3noBHs 1.00 324 2 434985.24 -139.94 -65.23 -129.14 0.52 0.42 201.29 14075.70 10379811.99 0.0000439618 13.81 573178016345117465509888.00
GM3noBHs 1.00 325 4 611174.14 -162.30 -66.51 -121.38 0.89 0.71 213.30 14307.43 11148923.46 0.0000547839 12.88 573194805007978000809984.00
GM3noBHs 1.00 326 2 408443.51 -160.73 -65.61 -123.41 0.35 0.32 213.00 15353.28 10081955.64 0.0000331092 12.04 685765046769104698998784.00
GM3noBHs 1.00 327 2 308115.58 -158.42 -65.62 -122.26 0.15 0.12 210.59 13172.42 15864256.71 0.0002016952 15.38 382306051699296511721472.00
GM3noBHs 1.00 328 2 336726.34 -150.89 -77.45 -119.99 0.52 0.48 207.76 16957.98 5783303.70 0.0000060211 13.70 1175805444452009637838848.00
GM3noBHs 1.00 329 2 204011.82 -156.80 -72.11 -119.89 0.47 0.47 210.14 24121.93 5268164.64 0.0000021751 22.09 2386582385760166075170816.00
GM3noBHs 1.00 330 2 259814.53 -148.89 -71.95 -119.70 0.38 0.34 204.14 13295.85 14953664.59 0.0001569489 9.69 403794261811771629109248.00
GM3noBHs 1.00 331 2 289766.66 -155.64 -78.87 -122.11 0.41 0.34 212.97 22385.62 6603987.03 0.0000031709 8.78 1707914132459168540393472.00
GM3noBHs 1.00 332 2 290339.52 -154.15 -81.61 -123.60 0.53 0.43 213.78 23364.77 2908837.89 0.0000004994 5.91 3192679840755296833110016.00
GM3noBHs 1.00 333 2 271114.67 -154.24 -77.49 -120.28 0.71 0.45 210.39 20621.92 7917397.42 0.0000064119 11.23 1322331472213801282043904.00
GM3noBHs 1.00 334 3 677809.50 -139.41 -67.42 -120.67 0.63 0.45 196.32 13433.46 13586963.82 0.0001237476 34.59 442378127662125372407808.00
GM3noBHs 1.00 335 5 619155.17 -140.09 -61.23 -122.93 0.93 0.62 196.18 15919.08 11688818.89 0.0000453277 22.60 667647180230439420821504.00
GM3noBHs 1.00 336 2 226673.75 -144.98 -48.10 -118.06 0.53 0.49 193.06 18581.18 3666504.31 0.0000016613 9.66 1860097464133485047316480.00
GM3noBHs 1.00 337 2 246950.73 -151.31 -58.05 -124.65 0.23 0.17 204.45 21050.94 9618101.95 0.0000090307 6.24 1194709745906760946810880.00
GM3noBHs 1.00 338 2 350202.24 -152.24 -60.20 -121.62 0.49 0.39 203.94 12851.23 16599224.04 0.0002554169 12.17 351862517179332450844672.00
GM3noBHs 1.00 339 2 305710.72 -143.33 -57.27 -124.52 0.52 0.39 198.31 14985.63 7893719.12 0.0000181736 2.64 783559863914512624123904.00
GM3noBHs 1.00 340 2 295277.20 -120.20 -57.94 -120.81 0.43 0.33 180.00 19098.52 2022091.13 0.0000004483 6.13 2906819645269273221267456.00
GM3noBHs 1.00 341 4 685497.31 -145.24 -56.38 -122.61 1.03 0.70 198.26 14053.42 10018577.04 0.0000417478 6.60 588812015821955803381760.00
GM3noBHs 1.00 342 2 248731.59 -143.81 -59.13 -121.87 0.37 0.29 197.56 12677.99 13370241.63 0.0001423351 2.15 407653259501856672972800.00
GM3noBHs 1.00 343 3 435426.49 -145.77 -51.73 -120.95 0.79 0.43 196.35 14770.03 4875409.79 0.0000062129 25.40 1039086652627496055341056.00
GM3noBHs 1.00 344 2 212979.60 -142.78 -61.48 -125.82 0.53 0.45 199.99 15802.49 11705311.37 0.0000490130 10.99 665319220918613681635328.00
GM3noBHs 1.00 345 2 427409.99 -134.25 -62.41 -119.32 0.33 0.30 190.14 15273.66 5876500.05 0.0000086199 9.10 968424576743217762926592.00
GM3noBHs 1.00 346 2 338606.43 -140.23 -62.99 -120.88 0.41 0.40 195.57 15995.95 12889626.18 0.0000538649 22.38 618681153576958628462592.00
GM3noBHs 1.00 347 3 469633.08 -146.33 -62.19 -111.20 0.59 0.49 194.02 15839.21 10632707.05 0.0000295622 12.43 692934234118865958207488.00
GM3noBHs 1.00 348 2 342172.09 -146.36 -57.77 -121.09 0.45 0.44 198.55 12792.35 12883956.07 0.0001319815 7.13 426991683737648285876224.00
GM3noBHs 1.00 349 2 415121.36 -148.33 -56.25 -116.91 0.27 0.24 197.07 13026.19 16554966.43 0.0002318803 13.41 362057007731047307149312.00
GM3noBHs 1.00 350 2 365521.25 -145.30 -52.12 -118.16 0.43 0.32 194.40 17508.21 6268451.87 0.0000064447 25.16 1168836909343335769964544.00
GM3noBHs 1.00 351 2 364286.87 -147.09 -54.85 -117.18 0.47 0.45 195.90 14811.45 11509402.55 0.0000492118 18.49 585322398584060992552960.00
GM3noBHs 1.00 352 2 432697.76 -148.57 -56.20 -114.85 0.42 0.41 196.01 16171.06 12658115.37 0.0000470973 23.79 636243768712692831879168.00
GM3noBHs 1.00 353 5 829182.08 -148.49 -73.25 -121.26 0.84 0.61 205.23 12651.71 14698671.97 0.0001988360 31.00 379115632590236235595776.00
GM3noBHs 1.00 354 4 448564.92 -148.64 -71.22 -121.09 1.06 0.68 204.52 11917.00 11672300.45 0.0001201736 31.54 402077514656335983017984.00
GM3noBHs 1.00 355 3 514698.81 -143.80 -58.68 -125.67 0.73 0.58 199.79 13262.04 11286617.23 0.0000698561 11.67 494628338057510750519296.00
GM3noBHs 1.00 356 2 403540.63 -147.67 -56.65 -116.25 0.26 0.26 196.29 16188.79 15390886.44 0.0000794296 12.43 554804573895316993998848.00
GM3noBHs 1.00 357 2 314134.08 -147.76 -55.37 -120.62 0.56 0.40 198.62 13625.97 10253318.70 0.0000492758 4.07 551651147479127766859776.00
GM3noBHs 1.00 358 2 367565.61 -148.09 -52.68 -121.00 0.36 0.36 198.36 15425.36 6572779.52 0.0000105109 5.39 915997684255799650549760.00
GM3noBHs 1.00 359 2 432673.94 -147.70 -56.74 -120.96 0.29 0.25 199.17 12864.52 11841630.49 0.0000878427 15.59 449403617415019410489344.00
GM3noBHs 1.00 360 3 372928.71 -129.34 -55.75 -126.24 0.66 0.56 189.14 15771.66 4537319.57 0.0000043645 5.84 1217426671695875847225344.00
GM3noBHs 1.00 361 3 498895.80 -141.57 -58.89 -123.95 0.69 0.55 197.16 17509.10 10451384.66 0.0000197667 16.57 832571398492777290399744.00
GM3noBHs 1.00 362 2 500309.41 -131.63 -55.68 -122.62 0.45 0.45 188.31 15724.42 4015094.19 0.0000033743 4.69 1319291709805194517676032.00
GM3noBHs 1.00 363 2 321218.11 -140.89 -62.12 -128.59 0.41 0.36 200.61 16610.00 9034502.55 0.0000172093 3.50 837281721651536859234304.00
GM3noBHs 1.00 364 3 459321.11 -140.74 -60.88 -131.98 0.92 0.55 202.32 16039.66 6287381.20 0.0000084546 14.68 1010925078404294867156992.00
GM3noBHs 1.00 365 2 476445.68 -147.26 -53.76 -132.28 0.45 0.40 205.11 15789.13 3330534.57 0.0000021722 3.38 1510887762477188749721600.00
GM3noBHs 1.00 366 2 223132.89 -141.74 -71.36 -118.48 0.51 0.45 198.04 34853.34 8020583.62 0.0000008105 24.66 3150516563836366584020992.00
GM3noBHs 1.00 367 2 481508.96 -133.33 -72.17 -120.38 0.44 0.43 193.59 18840.42 4141824.26 0.0000020914 12.46 1747082083811469238992896.00
GM3noBHs 1.00 368 4 733051.57 -145.79 -71.30 -123.02 0.90 0.57 203.65 12301.58 15542738.42 0.0003234859 22.53 357056387507212165054464.00
GM3noBHs 1.00 369 3 551154.91 -145.97 -78.35 -125.13 0.66 0.58 207.61 17631.86 6068831.65 0.0000060462 21.82 1219210489624786961956864.00
GM3noBHs 1.00 370 2 196728.72 -145.78 -78.40 -123.42 0.56 0.45 206.47 16293.84 6910203.90 0.0000099986 13.58 969870485810317294043136.00
GM3noBHs 1.00 371 4 606230.70 -144.86 -77.68 -121.05 0.72 0.55 204.13 19630.38 7575927.93 0.0000068924 17.83 1248740428325137263099904.00
GM3noBHs 1.00 372 2 421996.74 -139.75 -76.41 -120.93 0.42 0.42 199.98 29861.55 8505510.75 0.0000021881 19.17 2346079896326034375573504.00
GM3noBHs 1.00 373 2 438442.82 -142.44 -77.79 -126.48 0.48 0.46 205.76 19353.58 5155556.93 0.0000031361 14.99 1582159339160315111669760.00
GM3noBHs 1.00 374 2 256714.80 -137.21 -76.73 -124.24 0.64 0.49 200.38 16292.78 4408157.11 0.0000037371 14.01 1309652095341752955699200.00
GM3noBHs 1.00 375 2 335877.43 -138.18 -76.58 -120.71 0.08 0.08 198.82 23098.49 6544233.47 0.0000027635 6.57 1804075176941859714891776.00
GM3noBHs 1.00 376 2 339038.46 -124.37 -82.60 -117.97 0.45 0.43 190.28 19287.70 1837286.28 0.0000003524 9.86 3143782705688084488388608.00
GM3noBHs 1.00 377 8 1332140.64 -144.36 -69.68 -118.38 1.98 1.04 199.27 13130.01 17243514.82 0.0003135930 31.78 359793500140831930056704.00
GM3noBHs 1.00 378 2 325338.11 -140.64 -64.61 -123.21 0.50 0.36 197.83 12425.64 13789756.22 0.0001614069 11.14 380617698069113963806720.00
GM3noBHs 1.00 379 5 667984.03 -139.60 -65.32 -122.39 0.82 0.60 196.81 12916.35 13729672.74 0.0001423758 24.15 409595858099244541935616.00
GM3noBHs 1.00 380 2 484056.60 -121.36 -66.39 -123.41 0.49 0.47 185.38 18260.11 1300195.99 0.0000002024 4.97 3619755002367176127545344.00
GM3noBHs 1.00 381 2 361945.19 -137.93 -65.26 -120.98 0.35 0.33 194.73 14225.70 10185613.53 0.0000417275 11.86 593823269845896632729600.00
GM3noBHs 1.00 382 2 430306.42 -147.95 -62.57 -133.37 0.50 0.49 208.79 16900.86 6987413.32 0.0000088544 7.96 1033494851016248558354432.00
GM3noBHs 1.00 383 2 336946.61 -146.21 -63.11 -134.82 0.27 0.21 208.65 17408.39 6183306.27 0.0000062522 9.25 1173236505714546077335552.00
GM3noBHs 1.00 384 2 336286.09 -146.13 -57.38 -122.75 0.60 0.48 199.29 14819.50 12089181.24 0.0000557227 2.98 566369116426820179197952.00
GM3noBHs 1.00 385 3 427670.85 -145.93 -57.52 -126.68 0.56 0.32 201.62 15512.85 8824860.36 0.0000200692 16.26 756959940553848901337088.00
GM3noBHs 1.00 386 2 421499.28 -144.14 -62.96 -131.08 0.34 0.31 204.75 12524.36 15048157.79 0.0001966592 9.59 363625765178261188378624.00
GM3noBHs 1.00 387 2 444118.71 -148.17 -63.53 -130.49 0.33 0.32 207.40 13161.04 12829002.06 0.0000992472 5.23 443977914843214550925312.00
GM3noBHs 1.00 388 2 361317.12 -142.46 -63.86 -135.85 0.63 0.46 206.95 18537.92 4978090.80 0.0000032233 16.55 1515733105917573665390592.00
GM3noBHs 1.00 389 2 429207.79 -141.13 -64.73 -134.51 0.46 0.46 205.43 17324.89 5674233.26 0.0000052659 3.20 1239940773927662622081024.00
GM3noBHs 1.00 390 2 430698.25 -146.16 -69.67 -124.00 0.37 0.31 203.94 12070.34 17516607.99 0.0004003238 20.09 302491774577830375981056.00
GM3noBHs 1.00 391 2 270683.90 -140.61 -62.90 -127.21 0.36 0.35 199.78 18869.96 8500907.00 0.0000114107 23.98 1104226802924187335786496.00
GM3noBHs 1.00 392 2 341644.56 -145.63 -64.73 -134.47 0.41 0.41 208.52 18103.80 6661781.65 0.0000066187 21.21 1188236251391872055902208.00
GM3noBHs 1.00 393 2 414363.73 -145.60 -67.22 -128.16 0.39 0.37 205.29 11174.46 17148159.77 0.0005204773 12.83 267857496701926786465792.00
GM3noBHs 1.00 394 2 371904.62 -140.12 -71.02 -126.39 0.53 0.47 201.63 16876.77 6260212.29 0.0000072885 20.70 1103679227957044179894272.00
GM3noBHs 1.00 395 2 415851.06 -142.62 -71.87 -129.61 0.52 0.46 205.68 14577.29 6814894.68 0.0000136465 12.29 809852056240179740934144.00
GM3noBHs 1.00 396 2 178613.69 -146.79 -64.24 -136.71 0.58 0.46 210.62 35294.50 8266165.70 0.0000013285 9.52 3177592559919758852489216.00
GM3noBHs 1.00 397 2 434567.62 -147.19 -78.83 -120.09 0.18 0.16 205.67 16049.50 5776323.53 0.0000070781 6.74 1064287287005221662752768.00
GM3noBHs 1.00 398 2 232001.05 -150.38 -73.91 -119.71 0.38 0.36 205.93 15159.35 7951955.96 0.0000188895 18.93 792275489533769432432640.00
GM3noBHs 1.00 399 2 348772.28 -147.40 -76.43 -120.40 0.46 0.36 205.09 18694.86 8915494.83 0.0000116926 8.74 1034553974667306308993024.00
GM3noBHs 1.00 400 3 509371.15 -145.50 -67.97 -107.74 0.44 0.36 193.39 16538.13 6311853.81 0.0000078053 14.96 1056721728379469200097280.00
GM3noBHs 1.00 401 2 219414.32 -151.25 -76.12 -118.20 0.50 0.50 206.50 17485.21 5443553.44 0.0000046879 14.67 1287926293410314176167936.00
GM3noBHs 1.00 402 3 496413.79 -149.86 -70.01 -125.43 0.55 0.48 207.59 10910.16 23711246.73 0.0015041688 8.92 200041477254042687111168.00
GM3noBHs 1.00 403 2 438131.67 -150.23 -66.77 -132.52 0.41 0.32 211.16 19393.18 7520362.77 0.0000068448 7.20 1231901445132167629766656.00
GM3noBHs 1.00 404 6 1027787.96 -147.42 -73.75 -122.44 1.02 0.67 205.34 12927.50 17049616.89 0.0002973102 40.79 352762757655396127604736.00
GM3noBHs 1.00 405 4 543743.52 -147.59 -72.33 -123.91 1.12 0.65 205.83 13922.73 11553268.23 0.0000820095 42.84 547828446965832764882944.00
GM3noBHs 1.00 406 2 395002.18 -146.91 -74.91 -123.20 0.37 0.31 205.84 13571.24 13280560.90 0.0001006665 7.96 456097633207933313482752.00
GM3noBHs 1.00 407 2 320218.74 -147.48 -79.54 -124.47 0.36 0.30 208.74 17546.90 4591125.65 0.0000033351 6.36 1462102500461387209244672.00
GM3noBHs 1.00 408 2 242557.95 -148.35 -75.85 -121.48 0.51 0.33 206.20 15895.32 9834524.67 0.0000249972 24.64 733389673270413138853888.00
GM3noBHs 1.00 409 2 361360.10 -157.74 -78.52 -121.63 0.29 0.28 214.11 16386.36 6545470.20 0.0000085706 4.82 1023175880138989955448832.00
GM3noBHs 1.00 410 2 358820.74 -153.21 -70.48 -131.06 0.57 0.43 213.58 14821.07 12968384.63 0.0000648567 15.13 541592770531923035422720.00
GM3noBHs 1.00 411 2 182103.25 -127.53 -53.90 -127.38 0.44 0.36 188.13 15521.37 3430678.67 0.0000024604 5.08 1433068707018614851502080.00
GM3noBHs 1.00 412 2 418146.96 -126.28 -54.62 -128.63 0.28 0.21 188.35 15148.96 3801701.49 0.0000033246 5.21 1282591837200979335315456.00
GM3noBHs 1.00 413 4 733437.57 -136.31 -57.40 -128.23 1.23 0.68 195.75 14686.82 7355025.37 0.0000157555 8.99 783355978927118596702208.00
GM3noBHs 1.00 414 2 277872.16 -129.20 -55.35 -132.08 0.57 0.41 192.87 21389.19 3594504.76 0.0000010653 10.25 2396247002670919852228608.00
