model linking_length pyfof_grp N clump_mass[Msol] com_x[kpc] com_y[kpc] com_z[kpc] max_r[kpc] clump_r_avg[kpc] r[kpc] avg_temp[K] avg_pressure[Pa] avg_nHden[cm^-3] vdist[km/s] entropy[K/(Msolkpc**3)**(2/3)]
GM3SI1 1.00 0 2 426376.51 -183.60 -79.02 -65.66 0.17 0.17 210.39 24797.78 1398000.88 0.0000000889 3.82 5882159248243686786465792.00
GM3SI1 1.00 1 3 649352.24 -125.57 -85.09 -34.66 0.51 0.39 155.60 21369.27 2549452.69 0.0000004857 3.17 3047578945293627806449664.00
GM3SI1 1.00 2 3 620929.01 -125.74 -86.96 -35.76 0.64 0.41 157.01 20577.89 3017956.72 0.0000007785 4.17 2555628110719511351525376.00
GM3SI1 1.00 3 2 424280.61 -162.21 -72.77 -32.32 0.47 0.47 180.70 18418.36 3758730.04 0.0000016868 8.80 1841835267164162997878784.00
GM3SI1 1.00 4 3 636342.08 -157.07 -70.18 -28.84 0.57 0.45 174.43 21218.37 2320493.90 0.0000004035 5.17 3229363039178084960960512.00
GM3SI1 1.00 5 2 427973.40 -158.30 -71.96 -31.34 0.33 0.33 176.69 19715.69 2997696.47 0.0000008533 10.54 2400443523887049669083136.00
GM3SI1 1.00 6 2 424352.26 -158.70 -69.57 -33.31 0.47 0.47 176.45 19343.65 2732552.33 0.0000007662 5.27 2497948480904669746429952.00
GM3SI1 1.00 7 2 424340.75 -158.93 -70.74 -35.18 0.08 0.08 177.48 21474.64 2490624.64 0.0000004472 1.67 3140071470687563267702784.00
GM3SI1 1.00 8 5 1060634.79 -171.14 -71.06 -30.97 1.06 0.61 187.87 17645.88 3666077.14 0.0000017994 6.92 1740007480784490818699264.00
GM3SI1 1.00 9 2 424273.70 -162.86 -72.83 -33.45 0.43 0.43 181.51 19055.83 3541547.54 0.0000013231 7.45 2025720256760184794251264.00
GM3SI1 1.00 10 2 438169.73 -132.81 -76.55 -26.16 0.43 0.42 155.51 19898.40 3143155.05 0.0000009243 1.74 2356568950222485362573312.00
GM3SI1 1.00 11 2 426758.71 -134.16 -75.82 -26.08 0.36 0.36 156.29 19061.47 3425676.83 0.0000012496 2.69 2067135815957290504159232.00
GM3SI1 1.00 12 2 424339.19 -176.08 -70.74 -40.89 0.35 0.35 194.11 19878.54 3423458.26 0.0000010913 7.06 2225851855554232495112192.00
GM3SI1 1.00 13 6 1272510.13 -179.30 -72.34 -38.81 1.24 0.62 197.20 17064.20 4941805.80 0.0000038512 4.50 1344552598081205763571712.00
GM3SI1 1.00 14 3 636276.30 -171.17 -80.80 -28.80 0.70 0.54 191.46 18703.19 2763050.02 0.0000008368 1.36 2322054691303953054826496.00
GM3SI1 1.00 15 2 424168.60 -196.24 -75.67 -16.53 0.33 0.33 210.97 24053.19 1978303.71 0.0000001973 2.90 4438866717504426024632320.00
GM3SI1 1.00 16 3 636266.35 -172.09 -80.83 -8.85 0.36 0.31 190.33 20223.70 2622439.78 0.0000005952 4.87 2742594271063499046125568.00
GM3SI1 1.00 17 2 424168.30 -161.58 -78.00 24.38 0.34 0.34 181.07 27537.09 1491992.30 0.0000000727 3.12 6720831488272481852063744.00
GM3SI1 1.00 18 2 424172.41 -167.66 -83.26 6.03 0.46 0.46 187.30 23466.17 1850950.88 0.0000001857 3.20 4449776579519332166402048.00
GM3SI1 1.00 19 2 424217.50 -173.62 -84.53 -25.31 0.31 0.31 194.75 27888.94 1810589.89 0.0000001025 0.61 6030528857909406854021120.00
GM3SI1 1.00 20 2 424183.27 -176.06 -74.51 -4.70 0.22 0.22 191.24 22055.37 2550207.35 0.0000004396 7.15 3239105547292420859756544.00
GM3SI1 1.00 21 2 425049.83 -183.75 -82.13 -22.58 0.26 0.26 202.53 27362.53 2033060.44 0.0000001366 0.78 5404830489140649728671744.00
GM3SI1 1.00 22 2 435294.61 -177.21 -77.95 5.52 0.29 0.28 193.67 24658.93 1606579.17 0.0000001199 2.76 5316874643586024455798784.00
GM3SI1 1.00 23 2 426233.63 -203.12 -69.96 -8.79 0.25 0.25 215.01 22526.21 2270049.47 0.0000003219 0.89 3623337127370278735708160.00
GM3SI1 1.00 24 2 424178.82 -187.51 -75.55 -22.04 0.46 0.46 203.36 26021.79 2954383.65 0.0000003363 7.42 3862794720399756829392896.00
GM3SI1 1.00 25 3 636252.51 -182.28 -76.62 -40.12 0.59 0.40 201.75 17534.35 4241046.28 0.0000025260 2.24 1559487004040810733764608.00
GM3SI1 1.00 26 2 424175.88 -188.88 -78.67 -30.19 0.42 0.42 206.82 20327.72 3216055.45 0.0000009047 4.33 2414360254359536907845632.00
GM3SI1 1.00 27 2 431460.73 -186.67 -71.34 -40.78 0.43 0.42 203.96 24370.24 2416795.36 0.0000002836 8.43 3959589207840432859381760.00
GM3SI1 1.00 28 7 1480463.41 -117.33 -64.71 -35.93 1.17 0.74 138.73 24186.31 2764181.69 0.0000003917 5.13 3557192348259347070976000.00
GM3SI1 1.00 29 2 446973.64 -126.46 -57.41 -38.26 0.50 0.50 144.06 24463.38 2455683.04 0.0000003001 2.35 3940976615341404859662336.00
GM3SI1 1.00 30 3 636454.79 -168.02 -60.79 -29.26 0.66 0.47 181.06 22750.36 2879690.50 0.0000005069 11.51 3136895560741425426464768.00
GM3SI1 1.00 31 2 435874.65 -143.20 -59.50 -45.58 0.41 0.40 161.63 37825.45 2445660.23 0.0000000571 5.30 8174625262441307234631680.00
GM3SI1 1.00 32 3 597733.75 -142.61 -64.12 -49.66 0.16 0.12 164.06 19505.38 3068690.77 0.0000009319 0.68 2309265671032861534191616.00
GM3SI1 1.00 33 3 640733.84 -130.68 -60.23 -46.09 0.40 0.30 151.10 31792.30 4201983.07 0.0000003599 3.17 4242201630020464357146624.00
GM3SI1 1.00 34 2 479019.08 -152.60 -62.70 -55.00 0.28 0.25 173.90 24688.31 2799800.51 0.0000003718 0.64 3647488497332306898321408.00
GM3SI1 1.00 35 2 444759.12 -149.21 -68.01 -61.13 0.44 0.44 175.01 21623.03 3652554.44 0.0000009776 2.21 2443985120154490817740800.00
GM3SI1 1.00 36 2 424221.46 -164.31 -58.49 -28.99 0.40 0.40 176.81 21773.68 3189717.86 0.0000007156 4.02 2720367902244353309933568.00
GM3SI1 1.00 37 5 947040.44 -175.33 -60.56 -23.04 1.18 0.70 186.92 26751.79 2709655.84 0.0000003295 9.61 4340322223561070281228288.00
GM3SI1 1.00 38 3 538223.33 -202.85 -56.87 -26.80 0.83 0.47 212.37 31664.69 3720108.77 0.0000003731 6.91 4600102481574107912601600.00
GM3SI1 1.00 39 2 442233.88 -202.36 -58.27 -27.51 0.38 0.37 212.37 22628.29 3019269.80 0.0000005758 1.26 3014359739189634785083392.00
GM3SI1 1.00 40 3 636414.68 -174.67 -67.47 -25.47 0.66 0.50 188.97 22937.04 2181196.78 0.0000002792 6.12 3835123634845708462325760.00
GM3SI1 1.00 41 2 424307.74 -179.16 -64.22 -44.98 0.46 0.46 195.57 18608.57 2131415.81 0.0000005019 4.02 2745507848270089719644160.00
GM3SI1 1.00 42 2 637334.83 18.13 5.39 6.54 0.42 0.32 20.01 10768.93 34738308.00 0.0042732705 11.64 140420125228446987059200.00
GM3SI1 1.00 43 2 1069806.41 24.61 2.35 6.56 0.43 0.41 25.58 32410.95 70968963.62 0.0006686645 7.91 639472903560344352325632.00
GM3SI1 1.00 44 2 422819.49 17.01 3.00 4.41 0.28 0.28 17.83 32226.33 166723107.14 0.0033185674 6.33 353049387295953767104512.00
GM3SI1 1.00 45 2 425202.44 37.79 1.19 1.31 0.00 0.00 37.83 15274.99 12525933.51 0.0000520745 0.17 585805050670187236294656.00
GM3SI1 1.00 46 3 662053.67 23.78 2.72 2.49 0.16 0.10 24.06 11210.55 25856919.25 0.0015478135 1.59 198238656466251426037760.00
GM3SI1 1.00 47 2 436724.87 -174.41 -59.50 14.48 0.47 0.45 184.85 28840.04 2269930.75 0.0000001409 8.61 5476073266855242740269056.00
GM3SI1 1.00 48 2 424297.86 -170.10 -66.60 -36.66 0.38 0.38 186.32 21393.24 2342568.27 0.0000004093 1.56 3268402040394989678100480.00
GM3SI1 1.00 49 2 424259.44 -180.93 -58.33 -18.07 0.40 0.40 190.95 23388.28 2021720.59 0.0000002250 9.68 4165076955453766997377024.00
GM3SI1 1.00 50 2 380454.55 -186.64 -45.79 -8.47 0.28 0.23 192.37 25189.46 2288238.02 0.0000002302 3.86 4328431324332128250888192.00
GM3SI1 1.00 51 2 436071.17 -197.06 -55.78 -17.39 0.42 0.41 205.54 26734.54 2464397.48 0.0000002178 6.43 4556205233771388822618112.00
GM3SI1 1.00 52 2 424179.67 -201.19 -56.42 -14.59 0.33 0.33 209.46 22802.64 2656436.89 0.0000004237 7.47 3325721376582243075489792.00
GM3SI1 1.00 53 2 424210.23 -202.14 -56.05 -11.46 0.40 0.40 210.08 21391.78 2420038.19 0.0000004262 2.90 3181416268775982270251008.00
GM3SI1 1.00 54 2 424375.50 -193.72 -65.25 -3.29 0.24 0.24 204.44 26348.58 2233082.50 0.0000001875 3.51 4755474010975904804634624.00
GM3SI1 1.00 55 2 367006.97 -177.75 -60.65 -19.28 0.36 0.31 188.80 20552.94 2324956.62 0.0000004519 1.55 3052949207142119969390592.00
GM3SI1 1.00 56 2 425724.58 -171.88 -60.71 -15.50 0.43 0.43 182.95 23143.58 2515126.43 0.0000003772 5.28 3551403804148596486438912.00
GM3SI1 1.00 57 3 555222.88 0.16 21.29 43.27 0.31 0.21 48.22 15964.07 10620370.63 0.0000288398 3.18 703897849349808223944704.00
GM3SI1 1.00 58 2 392591.02 -12.20 34.29 29.47 0.04 0.03 46.83 15873.95 9148690.78 0.0000193776 1.55 776990787464685397475328.00
GM3SI1 1.00 59 2 458621.31 -16.92 25.24 30.10 0.22 0.21 42.78 15095.34 12251022.56 0.0000508178 6.68 584138574234094541996032.00
GM3SI1 1.00 60 3 730731.36 -2.68 28.23 19.18 0.32 0.20 34.23 12414.94 18073184.04 0.0003698412 8.41 314230564924348409315328.00
GM3SI1 1.00 61 2 439783.85 -1.21 23.00 38.09 0.17 0.16 44.52 16057.03 10855455.03 0.0000296602 5.67 702010839244786372706304.00
GM3SI1 1.00 62 3 637336.13 -16.41 -13.95 16.42 0.07 0.05 27.08 12302.81 19761680.50 0.0005204351 1.43 290683082930823186350080.00
GM3SI1 1.00 63 5 1088111.94 -19.96 -22.49 28.64 0.37 0.29 41.53 14055.91 14317774.27 0.0001034420 8.93 464486528122332693659648.00
GM3SI1 1.00 64 2 427729.87 -19.26 -17.35 41.97 0.12 0.12 49.33 18881.54 7853075.44 0.0000080301 3.85 1150844282652884234928128.00
GM3SI1 1.00 65 3 604270.75 15.53 -0.10 1.08 0.65 0.48 15.57 10618.66 49725429.91 0.0114162988 13.98 97432447982330240303104.00
GM3SI1 1.00 66 3 747038.84 16.37 0.07 -3.81 0.70 0.48 16.80 67566.82 326593867.79 0.0056650532 9.86 797199947015262818009088.00
GM3SI1 1.00 67 5 1393576.89 15.17 0.60 5.27 0.93 0.37 16.07 12651.43 70696052.09 0.0131908356 12.89 110891049204977267376128.00
GM3SI1 1.00 68 3 758246.83 15.16 -0.49 -1.86 0.78 0.50 15.28 36627.89 201583024.13 0.0082611068 14.48 383225323990531887333376.00
GM3SI1 1.00 69 2 445499.92 -18.80 0.16 49.68 0.35 0.34 53.12 17898.23 7716650.94 0.0000092191 12.03 1063394021396282697842688.00
GM3SI1 1.00 70 9 1962928.06 26.34 -14.68 5.21 0.19 0.09 30.60 11581.64 23214286.97 0.0010671433 1.92 228002934389863417380864.00
GM3SI1 1.00 71 4 853539.36 35.53 -6.88 13.87 0.24 0.17 38.76 13350.40 16736990.49 0.0002095967 4.76 378749376275313722392576.00
GM3SI1 1.00 72 2 449178.95 13.10 -8.04 17.56 0.03 0.03 23.34 13341.51 19058012.45 0.0003333482 1.32 341664741354793406038016.00
GM3SI1 1.00 73 3 885199.44 -13.62 -2.72 8.89 0.41 0.26 16.50 11152.33 36732795.35 0.0043500283 5.82 143247969080041896148992.00
GM3SI1 1.00 74 5 1443127.94 -11.72 -3.46 9.65 0.43 0.26 15.58 10831.78 45785961.67 0.0096128305 13.93 106866746074531994009600.00
GM3SI1 1.00 75 2 459216.04 -19.04 -5.66 9.20 0.08 0.07 21.89 12146.71 21098505.43 0.0007094264 3.36 267893291052381381853184.00
GM3SI1 1.00 76 2 573433.75 -10.11 -10.67 18.55 0.09 0.07 23.67 12344.55 21262549.81 0.0006937976 1.57 273270826093794291613696.00
GM3SI1 1.00 77 2 427416.55 -13.52 -5.83 13.77 0.02 0.02 20.16 12488.55 24568727.09 0.0009602273 0.85 250490834359362089123840.00
GM3SI1 1.00 78 4 1059753.83 -18.10 -3.16 13.39 0.21 0.15 22.74 11040.49 29501031.11 0.0023898389 8.50 171304156903688556773376.00
GM3SI1 1.00 79 5 1027503.83 -106.66 -54.94 -16.92 0.75 0.57 121.17 30956.56 3475451.67 0.0000002430 4.21 4631040774621436265365504.00
GM3SI1 1.00 80 2 426546.96 -158.98 -64.95 -21.96 0.35 0.35 173.14 29081.66 2878187.47 0.0000002158 5.33 4733789813734776466571264.00
GM3SI1 1.00 81 2 507462.75 17.99 10.50 11.21 0.07 0.06 23.65 11544.77 25813506.87 0.0014150896 2.49 208633259707202686418944.00
GM3SI1 1.00 82 2 439758.57 26.28 19.63 42.24 0.17 0.17 53.48 17648.50 8270562.95 0.0000112018 5.59 992096283302083690496000.00
GM3SI1 1.00 83 3 844411.50 21.83 8.57 16.46 0.16 0.14 28.65 11709.26 20556320.77 0.0007565934 6.27 255092136483983175188480.00
GM3SI1 1.00 84 9 1847390.67 -27.17 -6.34 11.59 0.36 0.22 30.21 11867.12 32338266.05 0.0022737498 4.57 185034372222052672208896.00
GM3SI1 1.00 85 2 431443.68 -21.82 -9.11 40.61 0.20 0.20 46.99 16873.67 8541187.57 0.0000139044 1.26 899343323021110950232064.00
GM3SI1 1.00 86 3 650534.09 5.50 8.57 17.15 0.12 0.09 19.94 11102.17 34460617.63 0.0035800419 4.54 151378938008000796819456.00
GM3SI1 1.00 87 2 1056374.23 -9.19 9.77 11.34 0.29 0.16 17.56 11029.12 34591109.59 0.0037975638 4.69 147733641163550203314176.00
GM3SI1 1.00 88 2 506027.59 -12.29 9.29 17.04 0.11 0.09 22.97 11640.30 21447318.22 0.0008560391 8.98 244566663143812958781440.00
GM3SI1 1.00 89 2 467771.71 -5.66 7.38 19.50 0.19 0.14 21.60 12420.83 23446818.89 0.0008687440 5.44 256915984299538847367168.00
GM3SI1 1.00 90 3 717941.55 0.33 -25.68 51.64 0.46 0.34 57.67 18072.28 6359639.65 0.0000060591 8.40 1217989674468577600602112.00
GM3SI1 1.00 91 2 424302.73 -14.18 -47.70 8.56 0.19 0.19 50.50 20092.08 7134064.84 0.0000051431 10.24 1376958377031318691119104.00
GM3SI1 1.00 92 3 869305.81 3.75 25.01 23.26 0.51 0.29 34.36 12122.06 22202992.56 0.0008397575 7.45 255311125597700420009984.00
GM3SI1 1.00 93 2 492018.78 9.34 12.80 23.15 0.14 0.12 28.06 12458.30 18817952.97 0.0004224565 5.74 306572388481265924308992.00
GM3SI1 1.00 94 2 426283.40 0.03 16.28 17.84 0.14 0.14 24.15 11676.54 22667315.30 0.0009771667 4.82 235640001043780486561792.00
GM3SI1 1.00 95 2 684732.24 0.91 10.29 20.60 0.20 0.15 23.05 36577.63 88647136.89 0.0007095458 5.35 677340198966096262332416.00
GM3SI1 1.00 96 2 482588.99 6.09 11.45 20.17 0.09 0.08 23.98 12053.78 22477513.40 0.0008534890 5.00 251923833545382525140992.00
GM3SI1 1.00 97 2 432125.36 -5.53 19.33 23.54 0.08 0.07 30.96 12203.60 19112190.83 0.0004909913 3.92 292144462909769821192192.00
GM3SI1 1.00 98 2 427540.04 -11.85 10.46 25.05 0.18 0.18 29.62 12406.04 18400695.26 0.0003937977 1.95 309933837869665788887040.00
GM3SI1 1.00 99 2 438748.86 -3.96 13.78 37.77 0.04 0.04 40.40 14745.99 12901950.60 0.0000645655 1.26 540249303204945224269824.00
GM3SI1 1.00 100 3 609762.60 5.34 12.23 25.06 0.08 0.07 28.39 11705.61 20160703.13 0.0007060591 3.45 260209358727708476964864.00
GM3SI1 1.00 101 6 1304187.02 12.35 16.78 4.01 0.31 0.20 21.22 10986.89 36314967.44 0.0043600832 8.57 141134445576497680875520.00
GM3SI1 1.00 102 4 854496.16 5.46 16.79 1.22 0.13 0.07 17.70 11986.30 37111929.80 0.0033468353 3.90 165404838470926307688448.00
GM3SI1 1.00 103 5 1297047.32 11.18 8.33 9.81 0.34 0.26 17.05 10251.13 62524653.48 0.0176058073 17.28 74730923180026773897216.00
GM3SI1 1.00 104 3 776086.27 8.20 8.37 9.69 0.39 0.25 15.21 67859.14 582320649.13 0.0120493021 10.01 543754878662446382317568.00
GM3SI1 1.00 105 2 765061.04 11.34 5.55 10.33 0.07 0.05 16.32 10562.87 47263521.93 0.0107310283 3.71 98498948916623450308608.00
GM3SI1 1.00 106 3 1094962.64 12.04 7.89 11.08 0.54 0.34 18.16 74617.09 462036677.68 0.0085906061 7.47 745959939101041599971328.00
GM3SI1 1.00 107 4 823926.75 8.92 6.57 13.59 0.20 0.12 17.53 10410.24 46316133.51 0.0105177802 6.26 98146887835569008672768.00
GM3SI1 1.00 108 2 555676.05 8.57 6.21 10.81 0.14 0.12 15.13 10323.67 79833511.20 0.0251198543 0.81 62215473918191312306176.00
GM3SI1 1.00 109 5 980760.37 13.67 3.40 12.74 0.13 0.07 18.99 10397.37 39285018.92 0.0076033773 4.79 112763024099363839279104.00
GM3SI1 1.00 110 5 936566.37 12.39 6.71 8.94 0.18 0.07 16.69 10143.76 60452158.20 0.0168264929 3.27 75467217748016309993472.00
GM3SI1 1.00 111 2 440119.99 -35.73 -0.92 23.13 0.09 0.08 42.57 17451.34 8887905.41 0.0000136635 2.00 925780633431943323582464.00
GM3SI1 1.00 112 7 1535131.53 -88.27 -11.12 18.68 1.05 0.69 90.91 18742.92 4872952.96 0.0000028548 5.53 1584144936448031190941696.00
GM3SI1 1.00 113 2 424273.92 -45.84 -18.18 14.37 0.06 0.06 51.36 20051.29 7353217.99 0.0000054919 1.83 1345393845172943798140928.00
GM3SI1 1.00 114 7 1485701.43 -27.39 -21.07 -13.65 1.14 0.56 37.15 16590.09 13628219.91 0.0000484342 17.16 644369307943864769708032.00
GM3SI1 1.00 115 3 709521.61 -22.21 -11.73 10.22 0.37 0.27 27.12 11435.78 20363823.89 0.0007873889 4.83 247013705877443949101056.00
GM3SI1 1.00 116 2 424286.27 -23.73 -16.15 -0.10 0.04 0.04 28.70 17882.97 13605523.13 0.0000346170 0.99 729905824693765177081856.00
GM3SI1 1.00 117 28 5982520.98 -30.20 -21.46 -24.00 1.61 0.98 44.14 10403.23 31766809.37 0.0044173575 13.49 151250616380583198064640.00
GM3SI1 1.00 118 2 424352.06 -27.24 -22.82 -16.22 0.43 0.43 39.06 68281.40 25988911.67 0.0000000566 5.40 4555758536642059852316672.00
GM3SI1 1.00 119 14 2859965.31 -23.95 -23.30 -2.44 0.84 0.53 33.51 11624.83 24850972.26 0.0012394776 14.52 221976774799474045222912.00
GM3SI1 1.00 120 9 1931921.77 -54.36 -44.83 -25.89 1.73 1.05 75.06 16093.16 10046232.18 0.0000267432 9.93 765381816951623745798144.00
GM3SI1 1.00 121 18 3716222.05 -27.73 -30.05 -26.81 1.36 0.75 48.90 12001.82 18959489.72 0.0005403812 11.49 292281927482843208876032.00
GM3SI1 1.00 122 4 862207.70 -40.36 -32.08 -27.70 0.74 0.61 58.53 35658.58 13376833.23 0.0000027676 11.86 2363634532482828797476864.00
GM3SI1 1.00 123 2 424247.44 -30.30 -17.22 4.33 0.07 0.07 35.12 18909.33 11083138.69 0.0000163730 0.69 923278529761405365649408.00
GM3SI1 1.00 124 5 1060474.89 -44.31 28.37 -2.77 0.04 0.02 52.69 58617.02 25250433.46 0.0000001126 0.44 3559282575205698325446656.00
GM3SI1 1.00 125 2 366154.93 -36.99 -15.85 5.96 0.19 0.16 40.68 24486.28 10053548.24 0.0000047814 2.33 1523581570878722495479808.00
GM3SI1 1.00 126 6 1229278.24 -39.37 -17.22 2.96 0.53 0.28 43.07 18350.20 10793592.61 0.0000172664 5.77 892177474378280835481600.00
GM3SI1 1.00 127 2 433353.75 -33.45 -17.32 2.66 0.08 0.07 37.76 18041.84 9137064.35 0.0000125722 5.93 972058292624936019165184.00
GM3SI1 1.00 128 3 641029.94 -35.77 -17.98 6.08 0.30 0.24 40.50 18300.76 10446565.40 0.0000161237 12.07 909787501300143873851392.00
GM3SI1 1.00 129 8 1696976.40 -25.17 -26.55 6.38 0.59 0.28 37.14 11815.66 21885730.89 0.0008201891 6.98 251021283860864697368576.00
GM3SI1 1.00 130 3 667499.56 -117.95 -30.87 18.73 0.59 0.52 123.35 30094.93 3005406.55 0.0000002075 4.02 4855680403067665825923072.00
GM3SI1 1.00 131 4 849749.36 -38.73 -26.66 4.08 0.73 0.44 47.20 28673.40 13226562.22 0.0000076453 9.08 1654205877564865964408832.00
GM3SI1 1.00 132 2 325590.37 -32.43 -26.13 17.39 0.44 0.33 45.13 36395.99 22168232.17 0.0000105082 4.76 1722468182033897623650304.00
GM3SI1 1.00 133 4 784105.94 -32.64 -27.87 13.97 0.41 0.33 45.13 14516.61 12013091.66 0.0000562227 8.09 551962068910843430436864.00
GM3SI1 1.00 134 2 338281.38 -44.49 -29.69 27.97 0.15 0.12 60.36 19410.73 6804753.86 0.0000053433 3.50 1330449046665628976414720.00
GM3SI1 1.00 135 2 424673.74 -41.01 -36.95 4.96 0.27 0.27 55.42 25483.83 7216000.56 0.0000021146 9.19 2040267067656276904247296.00
GM3SI1 1.00 136 5 1060480.64 -79.71 -34.26 -3.12 0.52 0.39 86.82 23811.37 4074431.18 0.0000008722 2.30 2677153694447237695799296.00
GM3SI1 1.00 137 2 428626.72 -143.69 -51.05 2.22 0.20 0.20 152.50 34000.86 2455827.38 0.0000000879 4.10 6825449509468360065155072.00
GM3SI1 1.00 138 10 2045818.93 -51.04 -45.03 -23.45 1.24 0.57 71.99 14477.87 10849497.09 0.0000431711 4.97 597238358968423325630464.00
GM3SI1 1.00 139 21 4404399.44 -3.31 -8.14 -20.44 0.87 0.38 22.25 9817.76 63047026.92 0.0184459500 10.42 70682346553556173062144.00
GM3SI1 1.00 140 20 4209940.45 -19.25 -16.74 -20.75 1.70 0.60 32.88 10265.80 38178015.33 0.0074167625 15.67 125078928400257009057792.00
GM3SI1 1.00 141 2 365688.05 -25.21 -44.50 33.76 0.54 0.46 61.29 50470.13 13662424.55 0.0000002834 4.23 4173348472674078741757952.00
GM3SI1 1.00 142 2 424279.97 -9.05 -13.55 -20.56 0.09 0.09 26.23 31691.12 17675045.02 0.0000030057 15.70 1605917694768192272990208.00
GM3SI1 1.00 143 3 636384.47 -14.09 -17.41 -25.11 0.20 0.16 33.64 19815.61 11478271.71 0.0000149580 11.21 974959026182751252381696.00
GM3SI1 1.00 144 16 3422246.65 -16.51 -16.50 -20.16 0.92 0.45 30.84 10875.23 39916821.34 0.0061973442 14.40 127722944070609155391488.00
GM3SI1 1.00 146 2 436526.00 -5.08 -11.05 -17.33 0.03 0.03 21.17 13095.55 33733099.38 0.0018834492 2.52 212555398401757164863488.00
GM3SI1 1.00 147 18 3829911.80 -5.80 -11.84 -18.39 1.31 0.56 22.63 10496.07 47590277.28 0.0107661109 19.58 106947492327514632617984.00
GM3SI1 1.00 148 4 893063.92 -17.31 -13.06 -9.11 0.43 0.34 23.52 13244.00 21037878.86 0.0004915627 10.61 314205428728210443468800.00
GM3SI1 1.00 149 3 636461.10 -7.99 -9.92 -23.88 0.86 0.59 27.07 34435.32 27114105.74 0.0000266341 9.25 1386662160915711339266048.00
GM3SI1 1.00 150 2 370324.22 -15.02 -12.25 -26.17 0.11 0.10 32.56 57278.37 30412808.75 0.0000002396 4.96 3015720539416911845261312.00
GM3SI1 1.00 151 2 735057.90 -9.47 -28.79 -7.34 0.18 0.13 31.19 13943.84 14598422.51 0.0001139478 6.36 450623722011329898217472.00
GM3SI1 1.00 152 2 555429.48 -5.51 41.61 11.42 0.44 0.36 43.50 16643.84 11501726.65 0.0000299113 10.81 719771019321905512448000.00
GM3SI1 1.00 153 2 424828.21 -13.11 4.40 8.76 0.02 0.02 16.37 11503.30 28639477.25 0.0018688337 0.19 191064673434060934086656.00
GM3SI1 1.00 154 3 579563.99 -20.38 4.83 24.38 0.16 0.13 32.14 12325.98 19763740.40 0.0005295384 1.64 290202608553455935029248.00
GM3SI1 1.00 155 2 663310.52 -4.40 4.35 13.87 0.54 0.41 15.19 10891.27 48246945.43 0.0104751012 15.88 102735832701503165956096.00
GM3SI1 1.00 156 3 663698.02 -2.21 3.76 25.18 0.24 0.21 25.56 11924.66 22191651.56 0.0008649270 11.63 248674118038713597427712.00
GM3SI1 1.00 157 2 431948.24 -15.67 -15.85 51.49 0.36 0.35 56.11 18165.37 6690855.61 0.0000064183 7.14 1201150456483672326406144.00
GM3SI1 1.00 158 5 1382515.17 13.00 8.96 6.87 0.79 0.39 17.22 54191.09 423759320.55 0.0114244908 12.29 458510050989799469219840.00
GM3SI1 1.00 159 6 1436658.45 13.38 6.31 6.21 0.99 0.69 16.05 10559.96 57499995.91 0.0145803703 15.63 85066836744562307760128.00
GM3SI1 1.00 160 3 779401.94 -5.57 7.33 15.08 0.20 0.18 17.67 11059.29 33564845.01 0.0034271655 5.86 153014924183532952616960.00
GM3SI1 1.00 161 8 1700230.17 5.45 11.51 -9.24 0.43 0.22 15.74 11122.39 37170207.06 0.0045089542 12.69 141517383720023583883264.00
GM3SI1 1.00 162 7 1487229.13 -1.05 21.04 -26.05 0.40 0.34 33.50 13822.83 19214266.83 0.0002739432 10.72 367907461446316624707584.00
GM3SI1 1.00 163 5 1080433.96 48.29 47.11 -36.44 1.41 0.82 76.68 20175.33 7931150.89 0.0000066432 10.40 1293796095909857167671296.00
GM3SI1 1.00 164 12 2480136.85 50.60 51.29 -30.18 1.39 0.70 78.11 16909.93 8343639.48 0.0000129801 12.02 926514132324039379648512.00
GM3SI1 1.00 165 2 424243.77 36.99 14.83 -12.69 0.09 0.09 41.82 17779.94 10161702.44 0.0000170300 2.65 877312219340349821157376.00
GM3SI1 1.00 166 15 3181389.37 20.50 34.05 -11.11 0.09 0.04 41.27 10986.73 35506726.74 0.0039377178 1.59 145637705673617904238592.00
GM3SI1 1.00 167 2 426681.76 9.58 49.57 -8.82 0.17 0.17 51.25 19637.73 8277631.22 0.0000076851 1.41 1195367834829470996365312.00
GM3SI1 1.00 168 13 3078317.14 9.39 26.25 -5.97 1.32 0.52 28.51 11042.40 33789518.95 0.0037490360 12.87 157378781283883558109184.00
GM3SI1 1.00 169 20 4241860.58 59.39 12.27 -44.27 1.87 0.93 75.08 13220.51 14417586.86 0.0001401036 12.26 422919233267390094508032.00
GM3SI1 1.00 170 2 424171.46 85.04 17.32 -44.36 0.45 0.45 97.46 20959.50 4467019.87 0.0000017032 4.06 2039422082524854083387392.00
GM3SI1 1.00 171 4 848337.13 83.65 16.68 -43.40 0.99 0.63 95.70 20445.43 4571591.59 0.0000018978 4.92 1923142390441311987564544.00
GM3SI1 1.00 172 3 636252.38 99.74 16.85 -49.39 0.58 0.55 112.56 23510.49 4211558.15 0.0000009588 5.64 2565827246865922048131072.00
GM3SI1 1.00 173 2 424168.63 98.79 17.65 -49.14 0.05 0.05 111.74 21567.31 3582043.11 0.0000009339 3.03 2469976163540710801276928.00
GM3SI1 1.00 174 2 424169.78 81.12 7.00 -37.91 0.39 0.39 89.81 21327.14 4625268.24 0.0000016909 2.96 2047459766844627672367104.00
GM3SI1 1.00 175 5 1060429.04 79.93 7.97 -36.57 1.33 0.72 88.26 23066.10 4864564.82 0.0000014401 8.38 2252343324413372454141952.00
GM3SI1 1.00 176 3 651869.99 48.33 45.95 -36.17 0.46 0.33 75.87 17938.92 6974714.65 0.0000071083 2.14 1153487689326907139031040.00
GM3SI1 1.00 177 2 424350.24 22.72 33.42 -77.68 0.26 0.26 87.56 52837.51 9377106.49 0.0000000724 6.69 5818300672506581955379200.00
GM3SI1 1.00 178 5 1283174.09 27.60 9.04 -6.59 0.62 0.33 29.78 11076.71 25925409.44 0.0016677079 9.97 192770235612662773841920.00
GM3SI1 1.00 179 2 389199.25 44.62 5.00 -6.63 0.16 0.15 45.38 17693.38 8360008.66 0.0000112801 4.74 992009676122077018456064.00
GM3SI1 1.00 180 3 652396.59 25.82 8.63 0.57 0.71 0.54 27.23 11446.13 22435971.88 0.0010215210 14.99 229034586125870311669760.00
GM3SI1 1.00 181 4 794850.56 26.78 0.94 -2.12 0.18 0.08 26.88 11582.54 20689221.24 0.0007794779 2.72 250663408539106633842688.00
GM3SI1 1.00 182 4 1001951.22 19.54 11.07 -3.55 0.56 0.24 22.74 11250.75 31332866.06 0.0026804255 2.95 169173172955681300414464.00
GM3SI1 1.00 183 4 848339.81 90.03 4.93 -51.84 1.11 0.74 104.01 19593.82 5005799.14 0.0000025963 9.29 1678957895962920132542464.00
GM3SI1 1.00 184 4 848339.95 88.25 5.18 -51.86 0.52 0.41 102.49 19052.17 5304954.67 0.0000032024 5.70 1539222275682241230143488.00
GM3SI1 1.00 185 3 577675.86 7.39 39.49 -11.11 0.09 0.07 41.68 16489.03 11159983.34 0.0000279087 2.58 727920390786171917041664.00
GM3SI1 1.00 186 2 427097.47 17.86 22.57 -0.76 0.29 0.29 28.79 14596.54 15879552.85 0.0001216585 5.13 460576900361853639589888.00
GM3SI1 1.00 187 3 642153.71 8.48 2.83 -15.17 0.14 0.10 17.61 51711.93 159773430.79 0.0016408281 7.41 829046306965114629128192.00
GM3SI1 1.00 188 2 424492.37 21.41 23.40 -20.55 0.03 0.03 37.79 15936.60 10594386.75 0.0000276580 1.50 710540950484058126680064.00
GM3SI1 1.00 189 2 424364.43 5.92 20.03 -20.52 0.29 0.29 29.28 15858.39 13726689.22 0.0000566432 4.20 590852341966552090804224.00
GM3SI1 1.00 190 2 460983.39 9.97 5.88 -18.28 0.07 0.07 21.64 12985.16 18970149.48 0.0003579808 3.41 328849319283633684480000.00
GM3SI1 1.00 191 3 659831.90 9.53 26.25 -9.25 0.07 0.06 29.42 15188.99 16537677.50 0.0001160446 3.01 480903413209183866060800.00
GM3SI1 1.00 192 3 723025.32 9.60 10.24 -5.90 0.18 0.15 15.22 10749.84 36166419.19 0.0048463902 7.16 133882992546024496562176.00
GM3SI1 1.00 193 4 849104.09 1.52 22.02 -34.36 0.19 0.17 40.84 16216.95 12726087.78 0.0000420377 3.11 647406200269085438115840.00
GM3SI1 1.00 194 2 425070.64 19.11 33.35 -73.26 0.26 0.26 82.73 35720.96 8121814.21 0.0000009250 3.45 3323465240377721744261120.00
GM3SI1 1.00 195 3 639890.83 9.29 33.52 -42.56 0.35 0.24 54.96 20592.97 8438398.01 0.0000067740 6.42 1276451080570350304493568.00
GM3SI1 1.00 196 2 424419.07 7.08 28.23 -52.50 0.37 0.37 60.03 18040.72 6154031.71 0.0000052619 3.17 1270359775792305503469568.00
GM3SI1 1.00 197 2 453402.23 0.27 26.74 -27.40 0.23 0.22 38.28 19319.46 9691253.73 0.0000114355 9.04 1046010500421960683487232.00
GM3SI1 1.00 198 2 424477.68 5.43 31.48 -5.41 0.11 0.11 32.40 17574.27 12425716.04 0.0000292722 3.09 753178019894649155485696.00
GM3SI1 1.00 199 2 500066.51 51.49 -0.38 12.09 0.07 0.06 52.89 17407.26 7981095.59 0.0000108271 2.98 992367848117039907471360.00
GM3SI1 1.00 200 29 6907637.01 44.25 -6.42 11.73 0.95 0.45 46.23 9721.03 130320547.52 0.0498155828 13.52 40778974122026469425152.00
GM3SI1 1.00 201 2 448174.22 -7.34 9.98 9.80 0.12 0.11 15.80 55793.67 172889203.22 0.0010377081 1.45 894429997201878522265600.00
GM3SI1 1.00 202 6 1242057.13 3.00 18.11 6.51 0.25 0.16 19.48 11077.72 35693204.61 0.0039239028 3.03 146894451323434472308736.00
GM3SI1 1.00 203 2 426717.40 0.48 17.51 16.05 0.04 0.04 23.75 11863.72 21945976.99 0.0008537341 4.42 248587772229348302520320.00
GM3SI1 1.00 204 3 646873.45 4.01 28.22 1.82 0.38 0.26 28.56 13816.58 16545418.75 0.0001678911 4.45 409171757516926218141696.00
GM3SI1 1.00 205 2 427409.96 -0.25 29.28 2.75 0.03 0.03 29.41 16242.31 12223233.48 0.0000379355 1.18 665153084103748264919040.00
GM3SI1 1.00 206 2 585404.56 30.40 4.96 24.09 0.06 0.04 39.10 14062.19 12539393.20 0.0000710870 2.47 507821738067736821497856.00
GM3SI1 1.00 207 3 612141.78 25.56 6.07 23.36 0.13 0.08 35.16 13469.19 14317721.66 0.0001243180 3.56 429010123092243223937024.00
GM3SI1 1.00 208 3 605353.43 33.03 -6.56 18.06 0.13 0.09 38.21 14989.68 12038873.53 0.0000503025 2.00 582095574158641345855488.00
GM3SI1 1.00 209 3 607589.98 27.52 1.22 16.31 0.06 0.04 32.02 13325.72 15938815.99 0.0001767783 2.71 392180005041871314223104.00
GM3SI1 1.00 210 4 797194.46 20.41 1.71 13.14 0.37 0.20 24.34 12065.27 25980669.95 0.0012572937 6.52 225379399671739712536576.00
GM3SI1 1.00 211 2 437346.28 28.45 -48.34 -5.61 0.10 0.09 56.37 18964.09 6057839.98 0.0000043667 3.71 1393457600210833915248640.00
GM3SI1 1.00 212 2 425556.81 1.40 27.48 -39.32 0.14 0.14 47.99 20018.93 7026023.85 0.0000050512 1.24 1379938082049735388037120.00
GM3SI1 1.00 213 4 772553.63 19.10 -40.96 -18.16 0.14 0.12 48.70 16728.07 8318341.55 0.0000134952 1.53 901538797724017681760256.00
GM3SI1 1.00 214 5 963659.82 20.99 -85.32 -19.97 0.98 0.67 90.11 24580.19 7284390.80 0.0000033625 4.40 1888574807420936122269696.00
GM3SI1 1.00 215 2 436928.22 14.39 -81.44 -22.93 0.33 0.32 85.82 23769.99 7307201.05 0.0000029387 5.46 1779655080769343117590528.00
GM3SI1 1.00 216 2 320892.39 6.99 -56.89 -37.41 0.06 0.04 68.45 21340.76 4991828.01 0.0000020027 1.89 1920041570372217955418112.00
GM3SI1 1.00 217 2 429070.74 20.46 5.50 -9.14 0.22 0.22 23.07 11675.28 22714564.22 0.0009814849 3.87 235433005840673663877120.00
GM3SI1 1.00 218 2 438942.02 13.94 9.43 -8.91 0.01 0.01 19.04 12400.45 24861469.65 0.0010059634 0.51 245581856675030668148736.00
GM3SI1 1.00 219 2 734426.63 28.74 -5.38 -12.05 0.10 0.10 31.62 13198.83 15731556.31 0.0001802709 5.43 387278979941139447021568.00
GM3SI1 1.00 220 3 806481.96 -4.12 -30.11 -36.52 0.32 0.24 47.51 16172.91 9447250.69 0.0000200787 2.35 781358131669347206168576.00
GM3SI1 1.00 221 11 2345383.46 -16.66 -24.70 -8.69 0.71 0.42 31.04 11877.30 27036887.87 0.0014170161 9.67 215238360942281926639616.00
GM3SI1 1.00 222 4 988096.02 13.73 -1.92 -10.59 0.08 0.06 17.45 10813.64 53370828.76 0.0123578688 3.27 93769248139654304104448.00
GM3SI1 1.00 223 2 428436.37 15.93 -8.46 -5.62 0.01 0.01 18.89 12424.33 27309649.35 0.0012947740 1.40 228024782718190804271104.00
GM3SI1 1.00 224 3 651712.06 -1.74 -6.62 -16.73 0.39 0.26 18.08 12471.65 25851034.81 0.0010788080 13.89 242500796270035637108736.00
GM3SI1 1.00 225 3 723188.71 1.91 -6.10 -16.87 0.23 0.15 18.04 11760.23 27467768.20 0.0015733418 7.96 205273719190845139189760.00
GM3SI1 1.00 226 2 424356.83 3.92 -4.54 -15.45 0.04 0.04 16.58 11606.70 26341180.41 0.0014343857 7.04 208726778755385948897280.00
GM3SI1 1.00 227 5 1270141.39 29.67 -1.16 -34.96 0.39 0.19 45.86 14518.29 12277531.48 0.0000592249 4.38 545326445585949217783808.00
GM3SI1 1.00 228 2 380031.44 19.51 -1.56 -21.91 0.07 0.07 29.38 13043.45 16034099.01 0.0001959326 1.36 376299405284072713355264.00
GM3SI1 1.00 229 3 643055.59 8.56 -24.66 -9.89 0.31 0.22 27.92 16118.42 12738125.24 0.0000455656 9.60 631505951462522645118976.00
GM3SI1 1.00 230 8 1696673.02 -125.57 104.37 29.92 0.11 0.06 166.00 31695.46 1927042.15 0.0000000732 0.76 7162517701266418822021120.00
GM3SI1 1.00 231 2 450388.45 -18.23 -13.85 -9.55 0.08 0.07 24.81 14912.24 18876193.93 0.0001957830 3.39 421451195677182435262464.00
GM3SI1 1.00 232 3 636383.84 -37.87 -29.21 -14.91 0.32 0.22 50.09 21692.69 7056621.97 0.0000038115 7.05 1579530062246500890574848.00
GM3SI1 1.00 233 2 424220.60 -55.70 -43.71 -23.83 0.17 0.17 74.71 17958.95 7229839.56 0.0000076107 2.40 1130754772326782160863232.00
GM3SI1 1.00 234 3 645422.34 -52.87 -31.13 -5.15 0.61 0.46 61.57 49187.04 12867212.03 0.0000001422 7.50 4172981342112148929642496.00
GM3SI1 1.00 235 5 1070173.55 -48.90 -27.87 -17.59 0.83 0.58 58.97 16933.14 8094805.47 0.0000118490 7.21 949097503299909546147840.00
GM3SI1 1.00 236 4 849830.36 -41.65 -28.63 -21.58 0.49 0.40 54.95 18050.72 8794711.33 0.0000115270 12.27 998662137031514212270080.00
GM3SI1 1.00 237 2 681236.88 -26.07 -18.38 8.74 0.16 0.15 33.08 13784.49 16290288.43 0.0001672603 8.21 409154596186417184899072.00
GM3SI1 1.00 238 3 636329.82 -15.48 -44.15 5.68 0.54 0.37 47.13 17095.63 7999725.90 0.0000111621 5.21 971310444931349762539520.00
GM3SI1 1.00 239 2 530981.48 13.55 -34.91 -19.91 0.09 0.07 42.41 17530.25 11027702.31 0.0000224135 2.58 806053153445735093501952.00
GM3SI1 1.00 240 4 855054.26 12.06 -76.69 -27.63 0.81 0.53 82.40 20382.31 7473148.38 0.0000055958 6.13 1355753505986891116183552.00
GM3SI1 1.00 241 2 451830.78 3.35 -63.32 -14.58 0.17 0.16 65.06 21916.08 5950172.68 0.0000026494 2.75 1784498278896157893591040.00
GM3SI1 1.00 242 3 759865.99 12.97 -61.63 -8.62 0.55 0.40 63.56 20758.02 8540397.44 0.0000068006 5.61 1275715242156166641352704.00
GM3SI1 1.00 243 3 666117.80 14.70 6.19 2.45 0.46 0.35 16.14 10408.74 48155932.74 0.0113163145 13.68 94719573084673771831296.00
GM3SI1 1.00 244 3 655515.60 16.26 9.66 6.27 0.36 0.26 19.92 10728.11 35467646.06 0.0045487725 6.34 136250950316730848641024.00
GM3SI1 1.00 245 2 443482.28 18.65 8.10 3.26 0.15 0.15 20.59 11083.93 32042833.43 0.0029553245 8.45 160494554865486501249024.00
GM3SI1 1.00 246 5 1060736.76 -18.32 -17.61 -4.33 0.33 0.21 25.78 13482.09 17839373.66 0.0002418255 15.60 371999263375133297868800.00
GM3SI1 1.00 247 5 1060570.46 -10.88 -19.56 -0.13 0.23 0.10 22.38 11984.28 26575922.08 0.0013016453 2.58 220890884115082296426496.00
GM3SI1 1.00 248 2 553910.54 -13.40 -24.57 -5.35 0.05 0.04 28.49 13131.50 18197006.08 0.0002957872 2.30 345747833048184830033920.00
GM3SI1 1.00 249 6 1289242.79 14.67 3.31 1.81 0.88 0.36 15.15 39423.39 307165537.38 0.0231381472 15.00 324385159336059461435392.00
GM3SI1 1.00 250 2 433813.25 13.04 5.77 7.65 0.12 0.12 16.18 10765.56 48550976.10 0.0107188822 8.83 100300388808206971830272.00
GM3SI1 1.00 251 9 1908907.03 -0.37 -24.74 2.37 0.53 0.24 24.86 11174.85 33115515.83 0.0030101948 5.24 161273957267236517314560.00
GM3SI1 1.00 252 2 386802.72 -14.05 -20.82 -0.00 0.44 0.36 25.12 12534.75 18885327.20 0.0004072411 12.04 310592921042375839580160.00
GM3SI1 1.00 253 3 646553.20 13.73 1.88 6.53 0.31 0.25 15.32 10787.89 54810722.80 0.0130695364 11.53 91001764600471162454016.00
GM3SI1 1.00 254 3 514018.36 33.10 -0.80 3.79 0.48 0.23 33.33 19490.92 20366205.89 0.0000819918 2.93 636325348261047889297408.00
GM3SI1 1.00 255 20 4149463.42 -12.99 -7.49 -3.38 0.83 0.33 15.37 10005.98 130212931.86 0.0480189151 10.68 43577784863995163836416.00
GM3SI1 1.00 256 6 1372566.69 -14.28 -6.48 0.32 0.35 0.24 15.68 11186.87 39435797.22 0.0054839163 7.90 133905891498519445897216.00
GM3SI1 1.00 257 3 649417.96 -172.67 -29.99 3.68 0.77 0.51 175.29 25829.61 3615824.11 0.0000005479 10.64 3324810346166554600669184.00
GM3SI1 1.00 258 3 964104.70 31.79 -13.60 -0.70 0.43 0.37 34.59 13334.61 17681857.61 0.0002488411 12.63 364006003525707248959488.00
GM3SI1 1.00 259 2 376769.71 10.29 -48.34 -3.26 0.38 0.34 49.53 20763.68 8399915.79 0.0000067187 2.52 1288580392425204387676160.00
GM3SI1 1.00 260 2 424232.68 -195.41 -68.30 -29.77 0.23 0.23 209.13 21102.12 2101672.54 0.0000003322 1.47 3419105405573409928118272.00
GM3SI1 1.00 261 2 424202.20 -194.96 -61.43 -23.22 0.37 0.37 205.72 22741.79 2386158.65 0.0000003430 2.94 3557825637420872027340800.00
GM3SI1 1.00 262 2 427165.67 -193.28 -62.58 -19.05 0.35 0.35 204.05 22562.88 2933293.96 0.0000005406 2.43 3052589198412675790405632.00
GM3SI1 1.00 263 2 441076.30 -182.02 -36.50 0.12 0.51 0.49 185.64 21427.69 3942986.36 0.0000011615 3.23 2286775376227420463955968.00
GM3SI1 1.00 264 2 448285.79 -180.94 -37.52 -2.42 0.38 0.36 184.80 25171.33 3916869.54 0.0000006677 3.02 3011798060402592582729728.00
GM3SI1 1.00 265 2 424200.35 -181.72 -35.29 -1.56 0.27 0.27 185.13 25448.02 4384774.01 0.0000007991 4.50 2848532061638279064190976.00
GM3SI1 1.00 266 2 370815.92 -173.70 -30.97 5.79 0.39 0.34 176.53 23433.14 3328592.69 0.0000006175 2.00 2981138562772357177409536.00
GM3SI1 1.00 267 2 428356.81 -172.24 -33.83 4.29 0.22 0.22 175.59 21740.67 2875513.70 0.0000005830 3.21 2900152230558034997280768.00
GM3SI1 1.00 268 2 346293.01 36.36 -7.69 22.21 0.09 0.07 43.29 19007.04 8906581.93 0.0000103662 0.87 1067292835920804373856256.00
GM3SI1 1.00 269 2 426308.46 38.14 -8.30 6.64 0.41 0.41 39.60 14161.24 13342749.45 0.0000857473 5.25 494678548131718249840640.00
GM3SI1 1.00 270 2 430434.98 35.74 -5.27 9.15 0.08 0.08 37.27 15483.44 12812347.77 0.0000524902 2.64 590919252677817106694144.00
GM3SI1 1.00 271 3 815284.16 29.71 -4.56 3.02 0.23 0.20 30.21 13106.11 17084717.49 0.0002397941 6.69 361430897550007990222848.00
GM3SI1 1.00 272 8 1545533.69 -94.05 -29.30 -19.50 0.68 0.47 100.42 17618.34 5594268.90 0.0000047252 4.40 1298100179353513370845184.00
GM3SI1 1.00 273 2 424223.23 -46.28 -28.79 -10.26 0.27 0.27 55.46 63092.00 15261050.73 0.0000000458 6.65 5648492571766759490584576.00
GM3SI1 1.00 274 3 585041.50 -94.60 -27.82 -20.60 0.61 0.44 100.73 18768.12 5639554.79 0.0000040028 6.00 1439395094362240803930112.00
GM3SI1 1.00 275 3 788419.80 13.29 -1.62 -8.81 0.73 0.59 16.03 11485.24 42468584.02 0.0064961541 23.11 130886099838681332318208.00
GM3SI1 1.00 276 2 729459.24 11.50 -8.70 -14.86 0.10 0.07 20.71 11642.36 30032833.47 0.0021174116 1.41 185785685879158927785984.00
GM3SI1 1.00 277 2 432545.98 -136.04 -75.39 -25.47 0.44 0.44 157.60 19642.55 3020223.18 0.0000008807 2.75 2364045220977190880935936.00
GM3SI1 1.00 278 2 386614.71 -134.06 -74.84 -24.61 0.36 0.32 155.49 20378.99 3103777.08 0.0000008352 2.46 2469813234091696693706752.00
GM3SI1 1.00 279 4 848372.99 -136.40 -69.82 -15.06 0.65 0.35 153.97 31520.22 2451000.45 0.0000001174 2.94 6036893562845854213079040.00
GM3SI1 1.00 280 2 463470.01 -75.89 -7.36 19.10 0.27 0.25 78.61 51119.31 6346443.64 0.0000000510 3.35 7144209322193421514833920.00
GM3SI1 1.00 281 2 397268.56 -20.76 -3.41 13.42 0.32 0.29 24.96 12702.77 20054737.02 0.0004952071 8.87 301905732571801575227392.00
GM3SI1 1.00 282 2 369561.58 -141.98 -48.83 1.03 0.18 0.16 150.15 33024.01 2193148.53 0.0000000806 4.17 7005525560876164832034816.00
GM3SI1 1.00 283 2 424168.30 -163.60 -74.29 19.14 0.36 0.36 180.70 23553.89 2195647.68 0.0000002593 2.95 3991482997435210852728832.00
GM3SI1 1.00 284 2 424198.06 -165.31 -69.63 10.88 0.22 0.22 179.71 28454.27 2324860.76 0.0000001561 2.96 5274493726518679263248384.00
GM3SI1 1.00 285 2 432979.74 -155.42 -112.99 -17.53 0.21 0.21 192.95 25456.24 1516361.61 0.0000000982 4.93 5785014974254221793165312.00
