model linking_length pyfof_grp N clump_mass[Msol] com_x[kpc] com_y[kpc] com_z[kpc] max_r[kpc] clump_r_avg[kpc] r[kpc] avg_temp[K] avg_pressure[Pa] avg_nHden[cm^-3] vdist[km/s] entropy[K/(Msolkpc**3)**(2/3)]
P0 1.00 0 8 1478017.57 7.66 -10.35 20.32 0.67 0.40 24.06 12306.43 34359899.72 0.0025151609 12.45 186766195535974661881856.00
P0 1.00 1 3 636961.25 -19.18 -16.93 9.36 0.08 0.06 27.24 13137.77 21326467.45 0.0005085108 4.94 309193814091429977260032.00
P0 1.00 2 3 688132.36 4.57 -29.62 14.08 0.07 0.05 33.11 14419.04 15774770.15 0.0001299379 2.03 449170999905247746326528.00
P0 1.00 3 8 1485010.06 6.74 -7.23 21.03 1.11 0.56 23.24 14351.99 32119745.26 0.0013711030 25.27 269328451477028999266304.00
P0 1.00 4 159 29418413.21 4.38 -6.08 17.36 5.04 2.41 18.91 11572.84 114458742.74 0.0364652265 47.78 77508781956037588549632.00
P0 1.00 5 5 853565.62 18.28 -6.37 20.11 0.85 0.46 27.91 34422.58 52971401.16 0.0002867341 6.35 880972772270331477884928.00
P0 1.00 6 51 10076591.11 -2.31 -6.80 22.58 3.48 1.87 23.70 11735.62 50544977.95 0.0092329599 29.58 126076498310144444071936.00
P0 1.00 7 160 30466831.31 2.35 -12.77 25.29 5.17 2.26 28.43 10898.04 108175672.10 0.0392047783 35.21 96561367803646082809856.00
P0 1.00 8 23 4474279.50 4.52 -8.60 23.74 1.76 0.86 25.65 11605.47 42725912.06 0.0073907409 46.02 146463841225186423603200.00
P0 1.00 9 22 3700949.31 1.81 -7.73 21.37 1.25 0.54 22.80 12789.94 69414600.87 0.0160282318 28.79 119963883106203078754304.00
P0 1.00 10 5 847660.66 12.60 -12.82 20.39 0.79 0.45 27.18 15864.01 23570929.64 0.0003318385 15.41 401972539383797702983680.00
P0 1.00 11 13 2301081.61 17.01 -12.59 22.30 1.61 0.82 30.74 13417.84 21396706.24 0.0005892530 18.88 327153754206961760468992.00
P0 1.00 12 2 385270.50 20.30 -12.91 20.85 0.50 0.44 31.84 41940.99 27164564.46 0.0000057594 12.19 1914419394637108831322112.00
P0 1.00 13 3 596451.80 8.51 -13.69 23.61 0.54 0.49 28.59 18728.21 18495541.65 0.0000677353 25.41 636284420395040252100608.00
P0 1.00 14 19 3276336.68 14.00 -6.21 26.65 2.23 0.99 30.74 12263.06 28909705.60 0.0019443390 21.53 225921438897695560302592.00
P0 1.00 15 3 533305.65 8.19 -5.54 21.68 0.51 0.33 23.83 24352.85 30301345.32 0.0000620231 20.78 710342049007762325635072.00
P0 1.00 16 3 664194.61 7.11 -1.20 32.98 0.48 0.36 33.76 32589.77 28006428.01 0.0000367280 13.32 1226684219155567217737728.00
P0 1.00 17 2 417462.91 10.31 -0.05 22.22 0.20 0.18 24.50 15301.36 22294533.14 0.0003353638 29.91 383121317472942447132672.00
P0 1.00 18 10 2120862.29 27.67 -28.50 67.58 0.08 0.04 78.39 20975.32 9664181.96 0.0000083403 1.03 1207955434033150185963520.00
P0 1.00 19 3 502866.80 28.62 -23.93 40.59 0.62 0.56 55.13 17837.12 13254841.32 0.0000338530 8.56 735582089773494690643968.00
P0 1.00 20 148 28392819.94 14.48 4.40 4.70 5.45 2.39 15.85 64953.36 1233630306.73 0.0503858739 41.10 322834920628491718230016.00
P0 1.00 21 4 804296.81 1.75 14.57 8.12 0.16 0.09 16.77 11226.53 57604905.83 0.0128546098 7.77 95133626749494329606144.00
P0 1.00 22 3 670237.07 7.59 16.52 -20.14 0.14 0.09 27.13 13354.84 19628871.25 0.0003530047 5.91 337833863903696583131136.00
P0 1.00 23 2 384427.61 12.70 10.36 10.36 0.41 0.32 19.39 91817.83 523095272.89 0.0048135121 13.83 980123854589113556533248.00
P0 1.00 24 6 1014094.90 13.08 9.04 7.94 0.79 0.57 17.77 77537.32 750852071.25 0.0114546823 23.67 577471588539405554417664.00
P0 1.00 25 11 2268507.09 10.13 9.47 8.01 1.25 0.58 16.02 52350.24 739402055.52 0.0314092774 23.97 308307017200649554100224.00
P0 1.00 26 2 425887.31 13.24 -7.10 -3.25 0.43 0.42 15.37 118212.11 1268295544.27 0.0094423408 23.29 831755348908095083380736.00
P0 1.00 27 7 1159376.88 13.25 3.52 6.48 0.87 0.64 15.16 50307.43 541613487.06 0.0260382750 22.73 339544625729295127412736.00
P0 1.00 28 2 426159.12 15.46 -4.13 -1.49 0.17 0.17 16.07 10977.07 86480220.79 0.0255921068 16.53 65123020273099233820672.00
P0 1.00 29 4 599338.94 11.86 0.63 9.27 0.31 0.18 15.07 11051.99 62929758.47 0.0169702410 14.68 81414690867149914767360.00
P0 1.00 30 8 1652334.43 -8.15 8.69 9.73 0.40 0.22 15.38 10936.03 97033468.59 0.0303006637 16.04 59447704418907565588480.00
P0 1.00 31 2 453305.81 -8.98 9.38 10.56 0.19 0.19 16.73 12329.25 47649907.91 0.0071428717 8.43 134887422964933249204224.00
P0 1.00 32 2 372669.97 8.36 8.98 9.88 0.19 0.17 15.75 11214.85 62841938.05 0.0152706353 9.04 87444069882542877048832.00
P0 1.00 33 10 1889648.11 -9.99 7.06 9.51 0.81 0.48 15.49 11589.59 81594605.98 0.0215041973 15.90 79150351845321871458304.00
P0 1.00 34 4 749861.14 9.15 8.71 8.45 0.57 0.27 15.20 11167.68 213653997.46 0.0818738575 19.10 37255341111116677775360.00
P0 1.00 35 2 428087.41 5.44 12.02 8.88 0.25 0.25 15.90 112404.80 1023903348.53 0.0075881752 14.57 874752816618376292990976.00
P0 1.00 36 4 777610.57 14.57 9.05 8.65 0.42 0.18 19.21 62137.42 505553754.35 0.0132356246 11.09 510913656392400576184320.00
P0 1.00 37 9 1828576.73 15.22 6.95 7.27 0.85 0.43 18.24 38136.82 469061509.52 0.0225251765 24.56 240913855565072898719744.00
P0 1.00 38 3 457443.33 12.92 11.34 -10.01 0.12 0.07 19.89 13219.40 23993702.32 0.0007404474 2.59 283404617426490703740928.00
P0 1.00 39 48 9277026.22 -8.39 0.68 14.00 3.21 1.78 16.33 11944.98 112805748.20 0.0332740946 38.42 85354060533081376292864.00
P0 1.00 40 7 1134932.06 4.30 11.64 9.97 1.03 0.48 15.92 80589.43 926548430.06 0.0130224081 22.40 537417661722113924399104.00
P0 1.00 41 5 908481.59 7.36 11.55 10.25 0.40 0.27 17.10 50840.06 466473445.15 0.0162403276 10.92 380321682035491014180864.00
P0 1.00 42 2 431445.25 -11.81 3.47 9.33 0.17 0.17 15.45 12085.64 41229882.92 0.0045747037 3.15 151289575276764502949888.00
P0 1.00 43 2 276810.30 12.72 8.31 25.30 0.07 0.05 29.52 15824.98 16544137.80 0.0001000227 4.04 513933680511091623329792.00
P0 1.00 44 2 343187.72 13.25 11.80 21.13 0.15 0.12 27.60 12766.62 23188998.44 0.0007619693 6.12 273243240229562568671232.00
P0 1.00 45 4 847152.17 8.67 12.66 19.02 0.15 0.09 24.43 10934.76 35692177.93 0.0042492825 6.12 141562266195074966618112.00
P0 1.00 46 2 424410.48 8.73 47.66 27.27 0.09 0.09 55.60 16851.33 9054455.29 0.0000154501 0.64 869751436623784313880576.00
P0 1.00 47 6 937876.04 3.86 7.13 15.45 0.54 0.46 17.45 43268.18 364370867.39 0.0167955184 16.52 331626650862577283760128.00
P0 1.00 48 4 730695.87 5.23 9.15 15.56 0.50 0.34 18.79 11260.68 53814843.71 0.0122438104 21.88 97898323314878063837184.00
P0 1.00 49 3 624683.49 5.25 8.89 17.06 0.21 0.16 19.94 10828.99 53676010.20 0.0131629307 15.34 91045364513101947338752.00
P0 1.00 50 2 432130.06 3.70 8.03 17.98 0.32 0.24 20.03 11081.50 40467509.01 0.0083802668 19.87 115845247224038404653056.00
P0 1.00 51 2 317495.56 1.78 7.61 16.25 0.18 0.13 18.03 11284.43 42072512.78 0.0085678477 14.78 116771045266997286797312.00
P0 1.00 52 28 4839306.70 4.78 8.08 12.81 2.28 1.26 15.88 30821.94 519457938.03 0.0389218259 55.04 145495887192866164834304.00
P0 1.00 53 2 329098.51 3.26 8.79 11.89 0.23 0.18 15.14 11321.44 69447251.06 0.0177690041 12.60 81265943244606401413120.00
P0 1.00 54 2 474729.67 -3.94 50.19 37.73 0.35 0.32 62.91 60889.82 23553469.72 0.0000000941 5.00 3927740131802724706549760.00
P0 1.00 55 9 1574823.33 0.88 7.62 14.80 1.48 0.68 16.67 21073.05 148135247.59 0.0225853718 28.60 176400849837308931735552.00
P0 1.00 56 4 713312.66 -4.72 8.24 15.33 0.61 0.39 18.03 12469.01 37743175.68 0.0031107761 21.30 175954768923438243381248.00
P0 1.00 57 2 310398.80 -9.91 7.59 16.22 0.40 0.28 20.46 16036.07 28118776.58 0.0005299344 10.44 358466839959337076523008.00
P0 1.00 58 2 424940.86 49.31 120.96 31.93 0.43 0.43 134.47 34243.39 5158634.15 0.0000003936 5.93 4203308624883603268960256.00
P0 1.00 59 2 432149.09 43.17 126.31 53.98 0.51 0.50 143.98 32469.00 2771049.58 0.0000001329 8.34 5839190443037202417975296.00
P0 1.00 60 2 424168.26 77.35 102.25 43.80 0.44 0.44 135.49 29737.24 6451033.61 0.0000012328 3.41 2861982347001454034681856.00
P0 1.00 61 2 431859.13 50.92 81.98 43.45 0.50 0.50 105.84 26497.99 12165973.40 0.0000045310 9.54 1536950989230278698860544.00
P0 1.00 62 2 433629.77 52.39 80.59 42.48 0.24 0.24 105.09 18165.57 7784924.39 0.0000090199 13.24 1101774927494434600779776.00
P0 1.00 63 5 1068390.39 50.33 79.14 41.90 0.89 0.65 102.72 16046.27 10935305.67 0.0000299669 9.68 708979633812911870181376.00
P0 1.00 64 2 367133.83 48.72 78.20 44.74 0.51 0.43 102.43 21250.04 8044272.74 0.0000054913 6.42 1396050861808811839062016.00
P0 1.00 65 2 426189.33 50.07 79.02 43.43 0.47 0.47 103.14 15652.51 10845052.58 0.0000319378 12.07 681936490970303959138304.00
P0 1.00 66 2 448318.30 49.31 85.31 47.35 0.35 0.33 109.32 43601.52 12952044.75 0.0000003194 4.81 3385886051603400605302784.00
P0 1.00 67 4 853841.22 48.76 79.30 43.97 0.59 0.42 102.95 16623.38 10504143.67 0.0000232728 13.84 771466554396250906558464.00
P0 1.00 68 2 424168.26 72.15 95.96 40.26 0.46 0.46 126.62 15266.41 10165267.80 0.0000308660 6.87 692946717527302261964800.00
P0 1.00 69 2 424185.91 65.44 91.19 35.98 0.31 0.31 117.87 14001.17 13790668.72 0.0001012091 7.12 484113209031158851960832.00
P0 1.00 70 2 363840.24 60.37 89.72 33.83 0.54 0.47 113.31 14456.38 15149775.77 0.0001127028 7.49 474984113089349811175424.00
P0 1.00 71 2 447653.29 30.15 106.36 27.74 0.42 0.41 113.98 19177.29 7248756.37 0.0000062407 5.77 1258976040537976958091264.00
P0 1.00 72 2 424681.32 48.45 78.68 0.50 0.06 0.06 92.40 23695.38 12324898.02 0.0000082626 3.77 1258191894985146865025024.00
P0 1.00 73 5 885519.85 48.71 79.27 -1.97 0.73 0.37 93.06 15491.26 11638604.09 0.0000396307 7.20 639074340687982425538560.00
P0 1.00 74 3 636252.38 48.69 82.35 1.06 0.44 0.40 95.67 16823.72 9980217.61 0.0000215043 8.87 826175346631043138453504.00
P0 1.00 75 6 1281586.03 48.54 81.68 -1.58 1.06 0.72 95.03 13624.73 12272252.93 0.0000753985 11.55 498115000298863870345216.00
P0 1.00 76 23 4751151.40 43.64 91.89 -2.43 3.73 1.79 101.76 15498.91 13710917.24 0.0000948191 13.92 606305161461269593587712.00
P0 1.00 77 2 424172.10 80.17 86.36 29.26 0.42 0.42 121.41 45319.30 9059058.26 0.0000001539 3.58 4616168066428796485500928.00
P0 1.00 78 2 424168.48 75.70 86.47 22.57 0.47 0.47 117.12 56850.33 11753433.45 0.0000000599 15.06 5656656500908435462684672.00
P0 1.00 79 3 636254.43 70.41 74.95 19.28 0.65 0.56 104.63 34187.96 6370671.53 0.0000005500 10.91 3646569751491410925715456.00
P0 1.00 80 2 432390.30 70.23 83.29 18.06 0.41 0.41 110.43 40243.31 11795337.70 0.0000009837 12.65 3162982190063245387104256.00
P0 1.00 81 2 365178.83 48.10 92.05 16.56 0.35 0.30 105.17 15243.12 10851316.15 0.0000342069 9.95 650161662015906655502336.00
P0 1.00 82 2 424168.74 69.33 85.75 19.18 0.49 0.49 111.93 17913.85 7393595.24 0.0000080633 9.33 1110868527701210093846528.00
P0 1.00 83 2 362301.88 53.97 89.40 6.53 0.47 0.40 104.64 40641.29 10485949.95 0.0000009484 7.17 3482882700625076360839168.00
P0 1.00 84 2 446497.59 48.38 93.67 10.79 0.19 0.18 105.98 41956.11 17790584.38 0.0000005413 2.48 2563768962031833327861760.00
P0 1.00 85 2 425725.95 49.44 88.08 -3.50 0.20 0.20 101.07 28813.02 5563454.80 0.0000007506 18.06 2989894387159906037792768.00
P0 1.00 86 2 424819.77 47.07 92.24 17.70 0.45 0.45 105.06 14398.56 12153738.89 0.0000603158 4.01 549680007252397910917120.00
P0 1.00 87 2 431028.60 46.08 93.50 18.57 0.39 0.39 105.88 13153.82 14257524.01 0.0001268176 6.71 418869280404544365264896.00
P0 1.00 88 2 432364.80 46.15 92.40 17.48 0.49 0.48 104.75 15686.88 11271505.83 0.0000362567 11.00 671084339467967606554624.00
P0 1.00 89 2 427954.14 57.85 73.42 1.82 0.36 0.36 93.49 49625.84 13689885.95 0.0000005210 4.21 4067898948050035769606144.00
P0 1.00 90 2 435737.98 46.30 100.61 8.31 0.49 0.48 111.07 23289.51 5878073.10 0.0000019840 7.83 2015997872446297132236800.00
P0 1.00 91 2 375589.43 34.17 99.57 17.00 0.10 0.09 106.64 45449.46 14774794.09 0.0000018995 3.86 3327380235276786012782592.00
P0 1.00 92 2 436389.17 35.54 104.75 26.99 0.32 0.31 113.86 50971.69 14080732.80 0.0000001336 2.91 4163300057779230056906752.00
P0 1.00 93 2 424409.36 46.04 101.64 4.94 0.46 0.46 111.69 24221.66 5341993.97 0.0000013770 18.76 2297160363406315757764608.00
P0 1.00 94 14 2937106.69 17.39 -0.76 2.20 1.53 0.81 17.54 10552.69 111737505.01 0.0387662154 18.06 54306614801088452231168.00
P0 1.00 95 2 412608.40 16.99 -5.75 0.94 0.10 0.10 17.96 11055.44 56609389.47 0.0130865807 4.60 92984997506026236280832.00
P0 1.00 96 5 1067666.34 16.27 -1.55 -0.17 0.57 0.45 16.34 57382.81 669143962.33 0.0138385575 29.19 372134662354948509925376.00
P0 1.00 97 3 615062.79 18.78 1.43 14.17 0.73 0.44 23.57 12803.84 31264648.69 0.0016661127 17.28 218077135722144526761984.00
P0 1.00 98 5 1001193.19 19.61 2.88 5.85 0.84 0.52 20.67 43557.41 297636518.93 0.0094065474 17.78 396811655647022911848448.00
P0 1.00 99 2 400161.01 20.31 4.62 7.49 0.31 0.29 22.13 152966.87 721999610.07 0.0000000610 11.32 1880065746963235237527552.00
P0 1.00 100 2 434223.36 20.19 -0.83 2.01 0.33 0.32 20.31 10986.89 47994504.06 0.0101819609 12.78 105127583892760051056640.00
P0 1.00 101 3 605939.01 20.32 0.07 26.98 0.28 0.16 33.77 17287.31 14077622.67 0.0000445744 7.93 668589583629543779860480.00
P0 1.00 102 2 428426.32 21.11 -0.37 4.31 0.44 0.43 21.55 11181.60 43805281.20 0.0081656166 16.47 117526256470476353175552.00
P0 1.00 103 2 396070.69 21.12 0.17 5.38 0.11 0.10 21.79 10784.46 46379853.46 0.0099445769 7.95 104224455390344322744320.00
P0 1.00 104 6 1100414.27 77.09 -5.35 14.77 0.90 0.48 78.68 40859.73 12590250.25 0.0000014911 8.30 3074960564370986497998848.00
P0 1.00 105 15 2843849.32 18.52 0.49 3.16 2.04 1.00 18.80 67217.78 606944924.11 0.0130895787 19.78 525703972509239115513856.00
P0 1.00 106 7 1448480.19 19.24 -3.56 0.46 1.12 0.60 19.58 38433.15 306675635.61 0.0144667573 13.38 311241795240965886181376.00
P0 1.00 107 3 628223.23 41.46 0.26 -2.21 0.62 0.46 41.52 31202.62 25221646.28 0.0000227810 21.39 1222126050418645197127680.00
P0 1.00 108 2 434081.11 33.07 0.78 -3.05 0.16 0.16 33.22 16774.46 16138488.95 0.0000732803 4.78 578178101329948865200128.00
P0 1.00 109 2 317268.00 18.58 5.40 20.91 0.29 0.21 28.49 16270.54 21928448.61 0.0002116145 5.27 441073615065177034588160.00
P0 1.00 110 6 1283885.36 17.61 6.00 7.67 0.92 0.53 20.13 10991.24 63452211.22 0.0161094784 21.86 85083501678425450479616.00
P0 1.00 111 9 1525814.77 17.51 6.81 6.50 0.25 0.14 19.89 10663.00 94322299.05 0.0301889469 11.62 58107836797686344843264.00
P0 1.00 112 6 1017574.97 15.95 8.57 10.38 0.79 0.62 20.87 10517.29 55085273.78 0.0139088904 14.36 86587796027618682208256.00
P0 1.00 113 2 386712.87 17.86 9.85 9.58 0.04 0.04 22.53 11537.97 34682761.36 0.0032295359 3.37 161786123662506439213056.00
P0 1.00 114 2 420773.55 16.62 7.56 9.38 0.31 0.30 20.52 10873.30 50273668.96 0.0112535304 9.36 98856696335528577990656.00
P0 1.00 115 14 2379452.48 15.42 -0.28 14.87 0.72 0.47 21.42 12264.93 55476222.60 0.0099336280 36.33 118274245449781528756224.00
P0 1.00 116 2 429957.87 49.16 95.60 55.50 0.40 0.40 120.98 31726.20 5664481.85 0.0000005169 4.10 3467996001614114712453120.00
P0 1.00 117 6 1295487.12 42.71 96.08 8.17 1.39 0.73 105.46 16511.56 10649852.79 0.0000264739 8.72 761109665105609238773760.00
P0 1.00 118 4 849360.35 47.40 82.00 -0.25 0.62 0.48 94.71 14914.08 11931074.57 0.0000484327 7.13 589237504105994549985280.00
P0 1.00 119 3 581688.08 45.77 89.90 -0.48 0.72 0.51 100.88 18052.14 8711192.47 0.0000113958 6.18 1007176698166394795065344.00
P0 1.00 120 6 1283627.33 42.57 94.36 3.22 1.20 0.83 103.57 18067.58 8286363.75 0.0000102292 13.24 1044298835400407547641856.00
P0 1.00 121 2 427821.67 42.12 95.90 6.52 0.42 0.42 104.94 15435.28 9733433.03 0.0000255272 2.94 719783891842758128697344.00
P0 1.00 122 2 428773.20 42.91 96.48 4.78 0.32 0.32 105.70 16058.62 7276620.25 0.0000109730 3.63 934045993218740565573632.00
P0 1.00 123 2 369115.79 40.75 94.92 4.35 0.21 0.18 103.38 36584.67 13410839.70 0.0000035436 9.15 2469855484519476505870336.00
P0 1.00 124 2 426539.44 56.79 100.18 31.15 0.46 0.46 119.30 169957.96 14285322576.95 0.0126648408 46.53 324337675829372000403456.00
P0 1.00 125 2 430662.43 35.53 102.95 20.86 0.43 0.43 110.89 35751.99 11168527.03 0.0000020499 5.58 2682037855121123502456832.00
P0 1.00 126 3 645644.30 34.34 98.06 16.95 0.64 0.48 105.27 26658.49 7021843.93 0.0000017381 7.39 2241670613149475907043328.00
P0 1.00 127 3 636255.75 65.99 65.51 4.29 0.57 0.50 93.08 43747.68 12182009.69 0.0000006078 13.71 3581718292820060905930752.00
P0 1.00 128 2 424168.30 49.47 91.90 16.33 0.39 0.39 105.64 22495.17 11042321.10 0.0000078606 8.06 1242789960242557676945408.00
P0 1.00 129 2 374655.99 47.62 93.36 21.85 0.50 0.43 107.05 16468.66 10972958.91 0.0000312559 10.37 746920820331300465410048.00
P0 1.00 130 2 433289.11 52.01 92.14 15.24 0.43 0.43 106.89 20152.10 7084213.63 0.0000049843 3.48 1391141373821734371721216.00
P0 1.00 131 2 375124.03 49.90 95.73 19.37 0.43 0.37 109.68 15372.09 12714822.97 0.0000527147 9.47 594037269143969362608128.00
P0 1.00 132 2 424169.75 67.20 72.03 8.25 0.46 0.46 98.86 55660.13 13543612.17 0.0000000880 6.48 4967289325229127474610176.00
P0 1.00 133 4 849299.35 65.80 66.75 8.71 0.43 0.35 94.13 53038.46 12422100.96 0.0000001594 7.12 4853746238638708729315328.00
P0 1.00 134 5 1060422.02 63.71 68.86 1.04 1.07 0.79 93.82 24657.47 9913974.39 0.0000053341 9.97 1566145648834898477187072.00
P0 1.00 135 2 424168.46 82.56 57.98 14.68 0.28 0.28 101.95 43034.74 9454057.72 0.0000007186 5.30 4113142000934718529339392.00
P0 1.00 136 2 424170.89 79.43 59.51 16.63 0.38 0.38 100.63 29173.98 6676204.68 0.0000011166 9.60 2712153948617819622998016.00
P0 1.00 137 2 424169.03 63.48 64.99 4.38 0.48 0.48 90.96 21641.83 6325814.21 0.0000030668 6.56 1698172540013517148782592.00
P0 1.00 138 2 424170.73 65.06 66.37 2.09 0.46 0.46 92.97 61112.32 20324557.40 0.0000000810 18.71 4423781918941631142166528.00
P0 1.00 139 8 1217965.09 7.00 6.39 12.40 1.60 0.87 15.60 64499.15 620522789.22 0.0129068130 35.76 470914615777519915237376.00
P0 1.00 140 3 419228.81 10.78 2.52 12.17 0.37 0.28 16.45 11087.58 37409062.08 0.0061388403 12.99 128430142505258424729600.00
P0 1.00 141 2 161349.26 7.70 4.14 12.61 0.32 0.31 15.34 12591.68 52894113.80 0.0100285961 26.61 119276391414671117123584.00
P0 1.00 142 6 1185381.66 -8.10 8.71 12.26 0.69 0.26 17.08 11209.24 56017219.76 0.0123617604 18.59 98506391995165244915712.00
P0 1.00 143 21 3756598.98 -8.37 4.62 11.85 1.18 0.54 15.22 11363.89 270778642.47 0.1017191675 31.82 40516266527853799014400.00
P0 1.00 144 3 410979.32 -0.57 7.24 13.26 0.76 0.54 15.12 94514.29 2047006043.01 0.0171362815 18.63 406831189335281758109696.00
P0 1.00 145 10 1987562.65 -0.81 11.21 11.33 0.53 0.20 15.96 10760.59 105687250.65 0.0354251547 12.25 54088918801149276979200.00
P0 1.00 146 3 488682.33 -2.52 8.28 12.74 0.74 0.48 15.41 11165.20 54492076.99 0.0132827321 13.99 93122515267501365919744.00
P0 1.00 147 3 573803.92 8.68 7.40 10.30 0.44 0.29 15.37 79402.35 649460590.87 0.0124194501 24.44 650499216800785887133696.00
P0 1.00 148 4 647297.47 11.38 4.79 9.28 0.58 0.47 15.45 41214.54 361875472.03 0.0098226238 16.62 316949464157417480650752.00
P0 1.00 149 5 684032.46 10.10 5.22 10.12 0.51 0.32 15.23 11298.41 66027911.41 0.0176038136 28.27 82440396072871113261056.00
P0 1.00 150 8 954674.24 0.97 8.89 15.45 0.62 0.39 17.85 24479.72 168089021.10 0.0157387720 22.24 198519470243725638107136.00
P0 1.00 151 7 1500629.84 -4.06 4.38 21.10 1.02 0.53 21.93 13325.10 33940904.35 0.0018358911 17.34 220164220757360169189376.00
P0 1.00 152 2 378313.41 -10.60 6.84 11.95 0.55 0.48 17.38 14794.59 40027829.27 0.0017859174 21.44 235207575601727055855616.00
P0 1.00 153 2 468143.66 -10.56 7.19 13.61 0.18 0.17 18.67 14172.14 38890013.89 0.0020317703 13.85 220628120590083948544000.00
P0 1.00 154 5 616056.75 4.38 4.63 17.34 0.39 0.31 18.48 45811.80 263043937.87 0.0086996989 12.61 452754734690371698163712.00
P0 1.00 155 9 1355265.95 6.96 6.83 18.62 1.47 0.50 21.02 11069.53 54427462.79 0.0142406779 22.21 100460581581725039067136.00
P0 1.00 156 6 853532.63 2.51 5.05 20.49 0.78 0.30 21.26 36099.54 123372623.38 0.0048529640 21.90 499060138758886893027328.00
P0 1.00 157 2 280904.75 5.16 4.15 20.90 0.19 0.18 21.93 13893.17 30879707.32 0.0013735108 4.64 244812629488299640094720.00
P0 1.00 158 3 607727.39 3.06 6.32 13.88 0.58 0.33 15.56 11361.90 80312893.85 0.0237596859 16.17 70346751920269326024704.00
P0 1.00 159 12 2267706.67 31.85 -29.09 42.93 1.52 0.94 60.86 11961.18 22234561.37 0.0009229343 22.12 256829285051760935698432.00
P0 1.00 160 12 2101875.55 32.17 -27.66 42.20 1.51 0.92 59.84 12928.60 23631445.36 0.0008603822 23.95 284837110865537198456832.00
P0 1.00 161 11 1858644.16 46.13 -35.81 46.10 2.12 1.03 74.40 15619.96 11529838.64 0.0000381820 15.50 647383841445756316680192.00
P0 1.00 162 11 1993829.06 41.82 -33.59 45.64 2.14 1.21 70.43 16858.35 11638226.59 0.0000324558 13.42 738781836518984159068160.00
P0 1.00 163 2 320117.74 51.58 -38.03 46.59 0.59 0.45 79.23 13712.21 12872695.78 0.0000827710 14.91 479803340764383052562432.00
P0 1.00 164 2 440896.75 51.31 -39.07 45.51 0.45 0.45 78.93 16231.83 11314385.24 0.0000344943 9.82 704759648091776607059968.00
P0 1.00 165 2 385355.41 49.24 -36.88 45.42 0.44 0.37 76.47 17250.80 10500955.15 0.0000227264 5.79 821964084285564644229120.00
P0 1.00 166 5 938554.43 49.58 -38.29 47.13 0.89 0.63 78.39 13611.24 12409239.86 0.0000907483 10.38 494120908599572742275072.00
P0 1.00 167 6 1200451.48 51.28 -27.27 42.37 1.40 0.80 71.90 20226.24 9094885.00 0.0000092194 9.56 1180446898350804170702848.00
P0 1.00 168 2 478649.01 41.06 -29.18 40.90 0.46 0.43 64.89 37543.19 18225934.06 0.0000066543 16.22 2082420549773520673964032.00
P0 1.00 169 3 482594.36 38.92 -29.43 44.53 0.47 0.33 66.06 17279.62 11990346.95 0.0000299662 15.90 749193446336408575803392.00
P0 1.00 170 2 311765.82 41.44 -31.85 40.89 0.24 0.24 66.36 71001.47 26844382.57 0.0000000473 13.33 4689513793330514193547264.00
P0 1.00 171 2 398670.27 50.57 -37.95 45.15 0.36 0.32 77.70 16543.15 11212576.80 0.0000287245 9.56 725637402347805400367104.00
P0 1.00 172 44 8508947.30 53.74 -35.47 50.05 4.04 1.86 81.55 11833.32 21262000.14 0.0011767966 17.31 282005162948728230772736.00
P0 1.00 173 14 2456450.86 34.28 -29.97 43.54 1.66 1.11 63.00 12632.90 19111206.08 0.0005129322 22.38 319920019110568908554240.00
P0 1.00 174 8 1680862.39 35.74 -28.55 44.06 1.59 0.87 63.51 12281.88 16731168.71 0.0003373627 16.69 331901509415173508562944.00
P0 1.00 175 15 2949098.82 57.91 -35.76 51.75 2.40 1.52 85.50 13202.25 14124653.79 0.0002646022 12.59 451060438805390339080192.00
P0 1.00 176 4 814499.56 37.59 -28.60 44.46 0.47 0.38 64.86 14559.66 15953613.74 0.0001340850 13.16 460045366890614017228800.00
P0 1.00 177 3 612958.77 36.44 -29.05 45.60 0.70 0.51 65.20 16782.50 15538134.03 0.0000694182 18.47 596526525618247740424192.00
P0 1.00 178 9 1752603.00 62.49 -36.86 52.58 1.65 0.97 89.60 13611.38 13650575.21 0.0001144162 17.25 461200681544013639057408.00
P0 1.00 179 3 570912.10 62.13 -37.37 53.73 0.69 0.51 90.25 14021.21 12150972.23 0.0000674757 4.66 520594378532238452064256.00
P0 1.00 180 3 589951.10 70.56 -37.72 54.01 0.83 0.60 96.53 13765.11 13494911.84 0.0001090237 20.94 473728578308922130038784.00
P0 1.00 181 2 277559.11 78.79 -37.11 54.31 0.44 0.38 102.64 59785.21 15465960.56 0.0000000666 11.76 5130132948451507616874496.00
P0 1.00 182 2 367987.28 74.36 -37.42 50.80 0.46 0.40 97.52 18667.76 8404530.66 0.0000101088 12.45 1086791967740449903345664.00
P0 1.00 183 3 541118.20 71.93 -37.16 54.61 0.60 0.53 97.66 15721.04 11051501.14 0.0000401989 10.41 684953443193051628437504.00
P0 1.00 184 2 372841.62 77.12 -37.00 52.61 0.37 0.32 100.42 17875.01 6793687.17 0.0000069513 10.67 1162108299798843309948928.00
P0 1.00 185 2 446257.25 75.61 -36.70 50.18 0.42 0.40 97.88 24230.44 7148564.24 0.0000028243 15.90 1883175276413101392527360.00
P0 1.00 186 2 465921.77 67.00 -35.79 56.18 0.42 0.41 94.48 17374.21 9972344.17 0.0000190678 6.42 859812276935350426796032.00
P0 1.00 187 5 845330.76 67.36 -35.06 54.28 1.34 0.86 93.34 14226.31 10733542.86 0.0000449869 15.33 582209416991379870973952.00
P0 1.00 188 2 437285.12 69.15 -36.80 53.30 0.31 0.30 94.74 13396.88 14209675.70 0.0001207589 4.09 429875883715781707431936.00
P0 1.00 189 8 1542609.58 69.12 -37.37 51.51 1.34 0.87 93.96 14578.31 11587212.68 0.0000539549 14.73 578743333450904881856512.00
P0 1.00 190 2 330756.46 72.64 -38.57 50.95 0.57 0.44 96.75 47626.20 25121155.78 0.0000059047 16.39 2512792702273407019909120.00
P0 1.00 191 2 409985.55 72.98 -39.63 54.68 0.55 0.45 99.44 16189.66 9548627.37 0.0000202941 13.16 780538672105349630132224.00
P0 1.00 192 2 431417.77 72.62 -38.45 52.50 0.40 0.40 97.51 15175.60 10106527.21 0.0000294385 14.39 672910137412029236903936.00
P0 1.00 193 5 741926.51 69.08 -38.41 55.03 0.65 0.40 96.31 12904.81 15403404.61 0.0002224266 7.09 388377834939894277865472.00
P0 1.00 194 3 587280.12 68.90 -36.65 55.21 0.65 0.50 95.60 12834.90 14554003.24 0.0001595008 17.01 394079843644890551418880.00
P0 1.00 195 2 428676.00 70.47 -38.66 55.57 0.30 0.29 97.72 12944.68 14955136.53 0.0001637396 1.56 391276137959114105946112.00
P0 1.00 196 2 438187.44 61.09 -36.17 53.62 0.38 0.37 88.97 14236.09 10739228.44 0.0000434536 1.82 579223608015074338275328.00
P0 1.00 197 2 449769.72 64.74 -34.81 55.12 0.48 0.48 91.87 16911.46 10018563.46 0.0000228817 7.99 823773998799701114093568.00
P0 1.00 198 2 423270.83 65.57 -34.54 53.63 0.15 0.14 91.48 14259.62 11430899.41 0.0000514324 7.48 556228740819745807269888.00
P0 1.00 199 4 631753.94 63.97 -35.58 54.25 0.93 0.63 91.11 15079.85 11508612.52 0.0000452554 14.76 612158146370991500034048.00
P0 1.00 200 3 556316.94 67.66 -40.17 56.47 0.64 0.52 96.86 15443.81 9504359.63 0.0000242476 8.10 726408562354029106036736.00
P0 1.00 201 3 552518.73 68.47 -37.70 56.67 0.63 0.39 96.54 14764.87 11485173.09 0.0000606229 5.35 606177425089599453003776.00
P0 1.00 202 2 483529.12 64.83 -39.10 52.05 0.35 0.35 91.87 18673.81 7430055.77 0.0000079520 14.15 1192699266362930955812864.00
P0 1.00 203 5 1053048.66 66.37 -41.86 56.40 1.08 0.71 96.63 16115.80 9234760.94 0.0000203809 8.29 800415365280988334653440.00
P0 1.00 204 3 553398.40 53.39 -39.24 51.93 0.96 0.64 84.18 28930.56 10141919.41 0.0000028707 22.23 2008266288134756675616768.00
P0 1.00 205 2 333190.37 55.88 -33.37 50.74 0.52 0.50 82.53 16090.30 15247044.09 0.0001530262 4.69 599073161960657403248640.00
P0 1.00 206 2 401265.04 10.90 -6.69 16.32 0.35 0.29 20.74 16299.93 24793341.61 0.0003152479 12.00 404641613260946287886336.00
P0 1.00 207 3 481219.43 -1.63 3.56 19.89 0.50 0.25 20.27 14064.76 26727576.38 0.0009128420 20.16 280554848483241418031104.00
P0 1.00 208 2 347430.47 1.45 5.87 15.87 0.30 0.30 16.99 11959.19 42760980.08 0.0071310109 20.33 130987845042157939326976.00
P0 1.00 209 8 1316400.39 7.47 -6.12 17.36 0.71 0.33 19.86 12708.32 44121521.56 0.0049544808 43.25 158012673739294074994688.00
P0 1.00 210 2 387419.34 -1.08 3.11 23.08 0.10 0.08 23.32 14571.70 24012041.93 0.0004997118 12.50 338572651776427822153728.00
P0 1.00 211 6 1255937.40 -8.23 3.27 14.70 0.45 0.30 17.16 12517.70 47564463.73 0.0066601888 37.17 140275512577574989463552.00
P0 1.00 212 4 814046.10 -6.39 1.98 15.70 0.46 0.40 17.07 13998.58 39647707.70 0.0022691923 24.97 212156652837595747713024.00
P0 1.00 213 3 648605.61 2.17 -4.67 29.90 0.61 0.42 30.34 15349.29 19446518.69 0.0001850829 13.64 435454061992883217498112.00
P0 1.00 214 5 957869.02 3.35 -3.94 16.30 0.30 0.22 17.10 12431.73 46257355.28 0.0065477621 22.52 141909923236482444689408.00
P0 1.00 215 5 638180.87 1.44 -4.86 32.10 1.01 0.56 32.50 16586.70 18785143.96 0.0001310710 26.57 514327900915919092711424.00
P0 1.00 216 34 6054835.88 6.92 -4.62 13.54 2.24 1.08 15.89 12254.96 212933075.36 0.0702758986 37.92 76500268162492628205568.00
P0 1.00 217 3 416992.78 -4.46 0.76 16.26 0.10 0.09 16.88 14704.92 34592666.80 0.0012792723 9.61 260356517874777523748864.00
P0 1.00 218 2 391804.26 1.77 -3.82 27.03 0.21 0.19 27.35 16878.43 19503336.03 0.0001229777 1.71 512540329765256367702016.00
P0 1.00 219 3 642054.04 1.39 -2.44 17.84 0.52 0.37 18.06 14559.89 37883431.78 0.0017164404 9.98 238489909488485192957952.00
P0 1.00 220 13 2558786.30 3.24 -0.83 21.78 0.84 0.49 22.03 12079.50 46795363.43 0.0072818163 20.01 132358782978083629563904.00
P0 1.00 221 3 638600.56 15.86 1.27 1.45 0.17 0.14 15.98 10822.48 95123044.46 0.0304063077 17.52 58581372819845500895232.00
P0 1.00 222 3 349666.94 14.12 4.91 10.71 0.11 0.08 18.39 11969.50 34705972.49 0.0031278475 5.91 168765813605367331946496.00
P0 1.00 223 131 24782857.97 23.71 -21.96 36.97 5.77 2.93 49.10 11703.51 36728203.12 0.0064506850 30.87 209039533683368385314816.00
P0 1.00 224 3 641601.15 60.96 68.42 -1.45 0.83 0.62 91.65 24788.92 7976305.64 0.0000029070 14.03 1821852453082101182365696.00
P0 1.00 225 2 368108.30 77.79 -41.61 59.86 0.38 0.32 106.61 13357.46 11801432.56 0.0000714139 2.98 487970219235454518034432.00
P0 1.00 226 2 413960.03 50.97 -41.48 47.88 0.39 0.35 81.31 22476.27 10246576.59 0.0000080380 10.87 1298064469067687612383232.00
P0 1.00 227 3 609818.14 52.48 -41.05 50.17 0.71 0.51 83.41 30451.44 13361642.00 0.0000099118 17.36 1830753057597014260318208.00
P0 1.00 228 2 317395.25 51.00 -40.22 47.12 0.24 0.18 80.24 16363.71 13174332.75 0.0000457397 4.97 638367609165263507816448.00
P0 1.00 229 5 862815.80 51.46 -39.35 48.71 1.06 0.65 81.05 14345.36 13907596.26 0.0000947407 12.67 494998561490617543688192.00
P0 1.00 230 2 386451.73 77.28 -40.72 57.37 0.43 0.37 104.50 15657.89 9616743.77 0.0000233430 8.31 734498340981947385249792.00
P0 1.00 231 3 637338.94 78.93 -40.99 59.06 0.76 0.58 106.76 14521.32 10259673.81 0.0000365347 4.63 620131676080041818587136.00
P0 1.00 232 3 601999.56 74.09 -40.87 58.09 0.53 0.45 102.64 14931.57 11502341.86 0.0000446433 11.09 599980485950441043001344.00
P0 1.00 233 3 670324.48 75.32 -40.22 55.36 0.69 0.54 101.76 17191.72 7864009.36 0.0000107483 17.68 985197427823833167953920.00
P0 1.00 234 3 567840.17 82.44 -39.99 55.27 0.70 0.52 107.01 22301.52 5874480.44 0.0000023408 9.50 1863781414492431632564224.00
P0 1.00 235 2 389551.80 100.86 -44.57 69.97 0.44 0.38 130.60 25718.74 3861358.39 0.0000006148 11.77 3143750512368340919386112.00
P0 1.00 236 2 430781.61 99.15 -44.31 66.99 0.38 0.37 127.60 17519.44 5049415.81 0.0000038210 4.15 1372188881504325293047808.00
P0 1.00 237 2 438088.93 95.72 -48.20 68.70 0.47 0.46 127.30 18187.12 5219745.32 0.0000036756 5.36 1430471033027892988608512.00
P0 1.00 238 3 552356.75 90.16 -46.58 67.82 0.83 0.52 122.06 15423.65 6902953.53 0.0000113300 8.56 898355482517663102533632.00
P0 1.00 239 2 384116.10 93.68 -46.83 67.89 0.48 0.43 124.81 15460.33 7658866.89 0.0000141411 2.59 838594918921533457956864.00
P0 1.00 240 2 440088.47 99.34 -52.75 74.38 0.44 0.43 134.85 40120.25 3592690.95 0.0000000795 6.77 6947963860379103746064384.00
P0 1.00 241 2 439961.43 99.33 -43.18 65.59 0.49 0.48 126.63 18353.82 4655024.73 0.0000027678 7.26 1568082710717773046087680.00
P0 1.00 242 2 433706.67 95.92 -43.44 65.70 0.46 0.45 124.11 18945.91 5315237.40 0.0000034874 8.57 1518316546426994247598080.00
P0 1.00 243 2 432250.94 92.18 -41.90 63.11 0.42 0.41 119.31 17220.00 6014654.98 0.0000059282 5.36 1184277481018731356225536.00
P0 1.00 244 2 344366.23 92.01 -42.64 65.20 0.46 0.44 120.56 15756.56 6034374.12 0.0000078419 1.92 1017372096801496172068864.00
P0 1.00 245 2 443396.52 88.67 -42.51 61.74 0.41 0.40 116.11 17991.04 5827372.61 0.0000048124 4.57 1302975594046345176940544.00
P0 1.00 246 2 440076.93 89.43 -43.58 64.02 0.41 0.40 118.31 14667.77 8408776.66 0.0000206945 5.32 721228248669972250755072.00
P0 1.00 247 2 451662.53 87.25 -44.05 64.68 0.46 0.44 117.20 15436.53 7221546.49 0.0000124476 4.27 870331154221872885792768.00
P0 1.00 248 2 433477.50 89.48 -45.29 65.29 0.46 0.45 119.67 15217.25 8014700.03 0.0000169460 8.68 796028735610452453621760.00
P0 1.00 249 2 435120.52 94.47 -45.21 66.33 0.50 0.49 123.96 15524.75 6902260.08 0.0000110444 5.36 906289707196902333743104.00
P0 1.00 250 2 333748.72 85.07 -42.60 58.97 0.37 0.26 111.93 17121.96 6858774.20 0.0000080715 4.57 1073027083401802771595264.00
P0 1.00 251 2 327488.32 82.29 -43.93 62.66 0.40 0.39 112.38 15850.37 6817119.17 0.0000101111 5.19 946259791420477721804800.00
P0 1.00 252 2 380152.37 83.76 -43.27 59.57 0.43 0.38 111.53 15733.01 7019475.52 0.0000110186 1.54 916150618428097773436928.00
P0 1.00 253 2 242048.60 85.19 -44.84 61.34 0.56 0.44 114.15 16162.46 5898216.28 0.0000070931 4.08 1086685041389545260580864.00
P0 1.00 254 3 578233.06 62.86 -48.78 58.48 0.46 0.35 98.75 22147.07 7201668.32 0.0000038820 9.79 1609869861641308113731584.00
P0 1.00 255 3 538646.73 61.78 -48.72 57.21 0.36 0.26 97.27 19384.93 7164792.60 0.0000059405 5.18 1284977313807851843485696.00
P0 1.00 256 2 380993.79 61.01 -47.71 56.55 0.45 0.39 95.91 20464.57 6870937.96 0.0000045173 3.46 1448232475915447986814976.00
P0 1.00 257 2 435041.52 76.51 -43.01 60.77 0.50 0.49 106.75 14497.30 9541661.71 0.0000304163 3.88 651552374091735627726848.00
P0 1.00 258 3 668561.20 65.75 -44.65 57.84 0.75 0.64 98.29 20354.78 6726777.11 0.0000049894 18.65 1475985452555946973724672.00
P0 1.00 259 4 723399.86 84.46 -45.46 65.82 0.87 0.67 116.33 15598.97 6886187.51 0.0000113694 6.95 924242080733033006104576.00
P0 1.00 260 2 440836.44 74.63 -45.35 59.20 0.50 0.48 105.51 17478.30 5973301.99 0.0000056382 11.02 1222162669000760615763968.00
P0 1.00 261 2 453265.47 77.04 -45.99 60.98 0.43 0.42 108.48 21869.66 7600551.60 0.0000055019 12.96 1534442658103639245062144.00
P0 1.00 262 3 465511.76 83.05 -45.58 64.17 0.50 0.43 114.42 15698.11 8004642.11 0.0000150250 6.42 836243143293842984271872.00
P0 1.00 263 2 447288.69 81.15 -45.94 63.06 0.29 0.28 112.57 17661.34 7365124.64 0.0000086928 2.11 1079156011141825023705088.00
P0 1.00 264 2 380578.24 79.65 -41.87 61.07 0.37 0.31 108.75 15255.16 9529841.48 0.0000252317 3.83 707895546958005175058432.00
P0 1.00 265 2 429351.29 79.70 -43.93 62.21 0.46 0.46 110.23 15961.38 7991347.23 0.0000142067 3.03 861395177004023098114048.00
P0 1.00 266 2 283128.42 71.26 -37.70 51.71 0.35 0.31 95.78 15786.89 10031428.33 0.0000252973 20.37 723251334915294039638016.00
P0 1.00 267 2 380073.90 75.23 -40.35 59.59 0.27 0.24 104.11 17030.82 9578401.23 0.0000191012 6.49 855913332277163543494656.00
P0 1.00 268 2 380808.90 89.17 -40.11 57.34 0.53 0.47 113.35 27447.46 5979118.61 0.0000010855 4.95 2604701432253619709673472.00
P0 1.00 269 2 430209.58 73.03 -39.94 57.43 0.47 0.47 101.13 15607.61 10606806.38 0.0000305655 13.31 682874218835328949551104.00
P0 1.00 270 18 3314311.62 69.87 -19.94 19.29 2.10 1.18 75.18 17345.65 12983296.16 0.0000402337 17.39 717339941667526548652032.00
P0 1.00 271 2 424170.56 59.76 61.11 1.42 0.19 0.19 85.49 64685.75 24074793.85 0.0000000651 1.84 4341757891981125003247616.00
P0 1.00 272 7 1484596.55 59.64 61.76 -0.44 1.20 0.63 85.86 18386.65 8477959.28 0.0000103373 9.86 1062798223233455524675584.00
P0 1.00 273 2 424169.44 57.66 63.59 -6.92 0.13 0.13 86.12 24132.38 6073761.00 0.0000018615 4.75 2094285292730203806629888.00
P0 1.00 274 2 367970.86 38.97 84.92 39.35 0.40 0.34 101.38 20625.26 7590977.38 0.0000053628 10.11 1384504901421966368440320.00
P0 1.00 275 2 428201.87 50.63 79.49 40.70 0.31 0.31 102.66 20424.24 9473353.13 0.0000095873 7.06 1180298600522275453140992.00
P0 1.00 276 2 424175.98 51.54 56.79 -15.81 0.23 0.23 78.30 66993.44 19958813.73 0.0000000452 5.00 5224221388503326425874432.00
P0 1.00 277 2 424171.59 60.48 63.63 -1.73 0.16 0.16 87.80 17873.97 7596745.81 0.0000085755 3.82 1086412619532348384346112.00
P0 1.00 278 2 424714.39 45.68 -2.11 -7.08 0.09 0.09 46.27 39342.72 22118038.34 0.0000063853 4.28 1973444323332931922690048.00
P0 1.00 279 3 638580.90 51.58 54.70 -18.33 0.71 0.52 77.39 47549.78 17377987.85 0.0000002461 5.26 3223100339760356745281536.00
P0 1.00 280 10 1775877.69 55.21 -6.04 -3.50 1.27 0.64 55.65 15384.49 14098309.29 0.0000747781 10.05 552168929041213382721536.00
P0 1.00 281 3 544448.46 41.63 -24.06 36.17 0.38 0.28 60.17 11022.89 23950916.08 0.0014732898 10.31 207539261290943512313856.00
P0 1.00 282 2 331101.55 53.48 -18.05 36.94 0.48 0.45 67.46 63918.95 17327817.59 0.0000000512 9.21 5258465474112212892123136.00
P0 1.00 283 14 2522981.67 41.44 -23.83 38.01 1.61 0.95 61.08 11691.97 21382680.12 0.0009721120 28.91 257915029684389826002944.00
P0 1.00 284 2 453531.61 42.51 -22.59 36.46 0.50 0.50 60.39 15789.86 13662724.66 0.0000938075 23.73 616970303093648392192000.00
P0 1.00 285 9 1521348.65 51.67 -24.57 32.64 1.14 0.48 65.87 18823.70 9945193.57 0.0000137143 9.12 982103093682396230320128.00
P0 1.00 286 3 678983.90 42.36 -24.28 39.68 0.41 0.39 62.92 15730.33 13426467.51 0.0000691010 15.88 599937246263891713851392.00
P0 1.00 287 5 1007672.40 34.11 -19.35 34.72 0.99 0.64 52.37 22485.24 12642028.35 0.0000121148 10.41 1127594404097719470653440.00
P0 1.00 288 11 2251776.07 30.82 -25.44 41.51 1.34 0.89 57.62 13747.47 19291902.00 0.0003678646 19.91 366232874766584938233856.00
P0 1.00 289 7 1392339.76 54.95 -11.74 -2.34 1.14 0.49 56.24 23998.24 16581728.26 0.0000274976 7.66 1047749576957564056240128.00
P0 1.00 290 2 428670.07 53.19 -9.26 -26.46 0.38 0.37 60.12 61568.48 18319241.29 0.0000000634 4.26 4758502667847500646318080.00
P0 1.00 291 18 3616440.59 40.46 -24.76 35.95 1.62 0.94 59.52 11334.92 24575399.16 0.0017321273 16.51 223612847704086987931648.00
P0 1.00 292 61 11995263.67 13.68 -14.71 29.78 4.74 2.07 35.92 10948.14 44466110.41 0.0093728368 28.58 133384949361684766523392.00
P0 1.00 293 3 445854.12 29.89 -13.87 33.92 0.42 0.34 47.29 47310.44 28882266.85 0.0000069478 7.88 2252202039807448102993920.00
P0 1.00 294 3 518478.62 5.30 -4.93 22.22 0.56 0.29 23.37 17175.51 25008720.87 0.0003308749 19.74 448867546031846192054272.00
P0 1.00 295 2 330535.72 56.94 -7.06 -3.29 0.41 0.38 57.47 20056.99 11732547.92 0.0000178855 6.13 990723860329237277835264.00
P0 1.00 296 2 276131.33 6.34 -5.65 26.44 0.15 0.12 27.77 47906.62 44030943.33 0.0000136269 8.46 1735230234021227076255744.00
P0 1.00 298 2 439174.74 -3.41 -3.37 15.05 0.36 0.35 15.79 13298.22 35994213.47 0.0021508889 14.71 208317176220099201204224.00
P0 1.00 299 19 3481640.16 17.67 -16.93 16.81 0.71 0.42 29.69 10548.33 48448272.06 0.0110789208 11.65 97807166477693819551744.00
P0 1.00 300 2 430161.73 10.97 -11.04 -6.18 0.30 0.30 16.74 203572.79 1507702363.04 0.0000000507 6.56 1859815694864621521338368.00
P0 1.00 301 2 424224.78 48.63 24.14 -49.83 0.13 0.13 73.69 29827.40 6024860.43 0.0000007586 1.47 2992021104344307767181312.00
P0 1.00 302 3 629924.26 17.99 6.37 -18.48 0.25 0.18 26.56 15069.05 18835546.91 0.0001802065 7.40 431770449661352514420736.00
P0 1.00 303 13 2547660.67 20.09 -11.83 27.30 0.85 0.37 35.90 11029.45 30867347.14 0.0027866352 13.99 166455344507964251701248.00
P0 1.00 304 2 426152.67 13.79 -10.16 0.40 0.14 0.14 17.13 11309.73 56509744.52 0.0124936197 4.96 97138596495759876554752.00
P0 1.00 305 3 620417.82 17.66 -3.56 0.05 0.42 0.31 18.02 10682.89 62045044.44 0.0160920238 15.30 81119289363613203038208.00
P0 1.00 306 6 1208819.71 33.63 -29.49 40.65 0.87 0.60 60.44 14622.82 16993113.68 0.0002319280 24.82 454856642373187830546432.00
P0 1.00 307 4 721354.83 35.31 -25.91 36.21 0.65 0.54 56.82 34846.83 16015001.91 0.0000053595 23.25 2007267049579944205090816.00
P0 1.00 308 4 660882.21 23.80 -21.46 31.87 0.51 0.39 45.20 16227.99 18002246.67 0.0001317553 13.27 511396712522737246011392.00
P0 1.00 309 7 1395312.99 25.29 -19.58 33.18 1.67 0.81 46.08 15558.46 19356229.56 0.0003426644 34.77 468673240081799053312000.00
P0 1.00 310 2 431868.37 18.58 -14.97 31.69 0.08 0.08 39.67 65633.05 87799750.60 0.0000002378 1.56 1851031979823437453459456.00
P0 1.00 311 3 541934.54 35.39 -26.37 34.72 0.35 0.30 56.16 30685.58 17507268.71 0.0000044954 8.91 1521009784273274155302912.00
P0 1.00 312 2 418664.12 20.14 -24.93 40.45 0.42 0.41 51.61 69213.62 43982069.60 0.0000001225 7.51 3224784353140694421864448.00
P0 1.00 313 27 5247637.17 18.64 -16.91 36.76 3.09 1.87 44.55 19118.11 28737888.40 0.0004776255 21.71 494535369578087752663040.00
P0 1.00 314 12 2267558.19 16.10 -16.18 32.37 1.15 0.75 39.61 18920.93 34909375.78 0.0008446169 28.77 418422861224296350482432.00
P0 1.00 315 10 2036130.83 14.36 -19.15 34.90 1.41 0.71 42.32 18176.10 26725077.07 0.0004922547 13.80 473145782621507275456512.00
P0 1.00 316 5 983445.26 9.29 -7.48 27.53 1.02 0.76 30.00 17028.02 21192041.49 0.0001680128 42.46 493668317443053443874816.00
P0 1.00 317 2 311199.67 -14.21 -1.58 6.57 0.11 0.11 15.74 13050.35 28166412.47 0.0011752508 15.89 244524624700594175606784.00
P0 1.00 318 2 429456.72 17.57 -10.88 26.36 0.13 0.13 33.49 42142.08 39334948.69 0.0000292847 6.84 1504292742770713872564224.00
P0 1.00 319 8 1659675.93 30.01 -23.13 36.12 1.32 0.82 52.35 27220.45 20721685.76 0.0000387153 22.32 1129667622983283983253504.00
P0 1.00 320 12 2002414.84 31.73 -23.73 25.96 1.05 0.51 47.37 15261.65 18678493.62 0.0001765085 10.06 445262907988770262351872.00
P0 1.00 321 2 324772.80 27.98 -19.97 31.73 0.43 0.41 46.78 41209.49 26564939.54 0.0000064418 13.72 1889570634595588703780864.00
P0 1.00 322 2 317976.32 29.24 -21.98 36.21 0.10 0.10 51.47 17724.17 14905388.86 0.0000472177 12.22 670341070767308301926400.00
P0 1.00 323 5 863660.29 9.51 -6.54 26.04 0.63 0.38 28.48 14664.52 21928637.40 0.0003433193 17.97 367964323303492415389696.00
P0 1.00 324 5 996304.31 11.77 -13.10 28.29 0.44 0.29 33.32 12503.56 29671644.11 0.0019545650 17.07 223584275945253603639296.00
P0 1.00 325 2 429646.37 10.60 -8.25 27.52 0.36 0.36 30.62 17840.36 17693054.71 0.0000770641 5.47 605408149297809558863872.00
P0 1.00 326 2 326215.89 12.26 -14.47 32.92 0.30 0.29 37.99 17192.01 18787925.72 0.0001108232 18.21 545414969728323345711104.00
P0 1.00 327 2 264438.23 9.46 -17.31 2.91 0.18 0.15 19.94 11868.05 29643554.03 0.0018961808 5.91 195386103208401065476096.00
P0 1.00 328 2 265345.27 27.05 -22.96 37.26 0.42 0.33 51.45 18642.72 19145926.24 0.0000801555 10.73 620451538093420742443008.00
P0 1.00 329 2 368874.17 68.14 -42.80 57.04 0.40 0.33 98.63 15697.45 8641851.80 0.0000176766 5.37 792994174943470093860864.00
P0 1.00 330 2 323045.81 73.56 -45.97 58.28 0.35 0.34 104.50 17444.14 5917276.97 0.0000055068 10.42 1224282558420730804961280.00
P0 1.00 331 4 808555.55 72.32 -47.58 57.43 0.74 0.66 103.89 19802.09 5477208.10 0.0000032539 13.36 1616631752144871116242944.00
P0 1.00 332 2 376347.03 72.99 -42.37 57.17 0.53 0.45 101.94 18092.92 9030737.16 0.0000130515 7.02 990825731393115624833024.00
