model linking_length pyfof_grp N clump_mass[Msol] com_x[kpc] com_y[kpc] com_z[kpc] max_r[kpc] clump_r_avg[kpc] r[kpc] avg_temp[K] avg_pressure[Pa] avg_nHden[cm^-3] vdist[km/s] entropy[K/(Msolkpc**3)**(2/3)]
P0 1.00 0 10 2154774.20 -19.51 -4.56 -8.91 0.15 0.12 21.93 10754.33 47140923.86 0.0114531152 6.52 100650206404868596301824.00
P0 1.00 1 3 645588.56 -50.72 -14.28 -13.73 0.46 0.33 54.45 16677.29 9421777.75 0.0000263870 2.91 830023004674935054401536.00
P0 1.00 2 3 636404.71 -24.64 -28.61 -7.43 0.32 0.22 38.48 14801.49 10270389.75 0.0000503568 7.52 637603902322458492928000.00
P0 1.00 3 7772 1221667463.29 -8.57 11.98 6.61 14.79 5.63 16.14 39210.24 3710948449.11 0.4028640932 105.48 96854412615086543732736.00
P0 1.00 4 21 4403095.65 18.24 -50.35 11.79 1.24 0.39 54.84 9333.44 36728776.62 0.0098101973 7.10 98786786536304500801536.00
P0 1.00 5 41 8326412.80 23.18 -45.65 12.92 3.43 1.46 52.80 10281.62 31343895.00 0.0061963965 13.87 154752936400079227453440.00
P0 1.00 6 3 560422.11 30.15 -12.26 54.94 0.51 0.44 63.86 20651.31 5989449.59 0.0000055107 11.01 1545850213306099520503808.00
P0 1.00 7 12 2448946.97 22.13 -42.54 12.18 0.71 0.40 49.48 9805.45 32681755.22 0.0066162500 7.50 120074270202246180372480.00
P0 1.00 8 1134 230908907.51 18.52 -65.05 7.26 14.42 7.41 68.02 9109.11 43534935.41 0.0142375188 15.11 102194665394877411360768.00
P0 1.00 9 4 673641.62 25.76 -54.61 14.46 0.65 0.44 62.08 25220.76 10830887.76 0.0000135920 20.78 1520253976613938855411712.00
P0 1.00 10 14 2940518.88 24.11 -50.35 12.32 1.90 0.81 57.17 13561.30 22603531.72 0.0012699656 8.44 322644273810212554539008.00
P0 1.00 11 40 8460106.49 18.48 -44.09 15.51 2.88 1.35 50.26 9596.94 39348722.44 0.0107745105 13.55 113543397869083334541312.00
P0 1.00 12 2 428719.87 20.15 -39.55 12.64 0.33 0.32 46.15 16500.96 9891805.83 0.0000312168 9.99 785157523953553565024256.00
P0 1.00 13 12 2331826.57 17.62 -32.78 11.74 1.19 0.52 39.02 10927.06 24910904.39 0.0021597858 11.66 189994816905708121882624.00
P0 1.00 14 3 691020.53 7.53 12.46 17.43 0.29 0.21 22.70 11328.84 29927980.97 0.0032695361 14.64 168575227952795299610624.00
P0 1.00 15 2 307316.55 4.32 13.33 10.55 0.14 0.10 17.54 11042.08 56096938.22 0.0150803026 13.15 89136567026613372321792.00
P0 1.00 16 14 3032059.11 6.67 -45.33 2.76 0.84 0.55 45.91 10407.89 27805323.92 0.0033343437 9.57 157519366354040468275200.00
P0 1.00 17 19 3923888.28 6.41 -58.25 1.71 2.26 1.02 58.63 11116.23 18576884.57 0.0011744607 9.73 269588584155781976293376.00
P0 1.00 18 3 638926.21 -8.65 -44.72 2.33 0.53 0.37 45.61 14167.75 11587141.36 0.0000814482 5.49 545634305029637610143744.00
P0 1.00 19 9 1851064.69 8.04 -19.88 3.83 0.43 0.31 21.78 11044.14 29192511.44 0.0030618207 13.00 168692264289076665909248.00
P0 1.00 20 3 643083.99 14.74 -13.01 3.55 0.32 0.22 19.98 12349.95 21073032.53 0.0009529430 12.77 271344061843248292823040.00
P0 1.00 21 4 804163.43 11.79 -9.24 2.43 0.17 0.14 15.18 10739.63 47271271.84 0.0115555474 3.89 100696475108751462891520.00
P0 1.00 22 5 1071837.78 7.73 -34.68 3.57 0.33 0.22 35.71 13076.27 16568257.47 0.0003191870 6.04 366784512644881890410496.00
P0 1.00 23 14 2937896.35 17.36 -23.03 1.82 1.12 0.56 28.90 10458.45 42789738.75 0.0101173900 24.80 115336128683466914004992.00
P0 1.00 24 18 3782271.19 24.52 -47.94 0.95 1.10 0.37 53.85 9942.78 28951470.62 0.0043950360 7.14 139165771419233449672704.00
P0 1.00 25 22 4680848.68 20.56 -26.45 -0.08 1.53 0.69 33.50 10405.56 36306003.36 0.0077671668 17.50 125983452181511213678592.00
P0 1.00 26 23 4764597.47 16.45 -24.20 0.76 2.27 0.97 29.27 15414.76 54385490.02 0.0085049185 32.88 216968093333332424654848.00
P0 1.00 27 20 4140573.02 19.96 -51.31 0.58 1.28 0.65 55.06 10004.03 27970009.61 0.0039473957 7.12 145274685828012538068992.00
P0 1.00 28 12 2580998.41 7.49 -50.84 1.73 1.40 0.96 51.42 11725.32 17182604.64 0.0006541877 14.57 295568886316656777756672.00
P0 1.00 29 2 384360.43 24.34 -49.20 1.77 0.41 0.35 54.92 11579.97 18411698.51 0.0007984109 6.60 270051059728363313692672.00
P0 1.00 30 5 1021034.14 4.18 -29.67 2.72 0.13 0.10 30.09 13097.98 15359039.68 0.0002493160 5.83 388602194894250609475584.00
P0 1.00 31 2 430124.75 16.00 -21.72 0.70 0.14 0.14 26.99 12759.34 30223473.53 0.0021353416 5.63 216593591964718375895040.00
P0 1.00 32 11 2337599.43 -4.04 -33.90 0.93 0.43 0.27 34.15 10755.20 22051200.56 0.0016223431 9.41 203611610480812838879232.00
P0 1.00 33 18 3848560.81 -3.63 -40.69 1.52 0.65 0.38 40.88 9917.60 32484679.38 0.0057889426 7.49 123137726792359233978368.00
P0 1.00 34 20 4260135.50 -11.11 -43.86 -5.28 1.37 0.43 45.55 10104.47 31011165.97 0.0050555606 7.76 137090670163361156562944.00
P0 1.00 35 10 1987650.42 17.23 -58.93 -1.59 1.34 0.48 61.41 11615.86 16080727.44 0.0005125558 9.13 304445835434476504612864.00
P0 1.00 36 23 4917749.93 14.07 -43.27 -0.81 1.27 0.42 45.50 9598.80 50374175.53 0.0154388365 6.83 84186807346352271392768.00
P0 1.00 37 3 616609.79 14.54 -46.98 -0.23 0.50 0.44 49.18 28635.92 21020372.32 0.0000339914 23.32 1198003608275734646226944.00
P0 1.00 38 2 313798.86 25.17 -38.23 -0.82 0.15 0.15 45.78 17390.98 9060796.49 0.0000212520 2.80 913137003715619608068096.00
P0 1.00 39 3 649305.77 49.87 -0.90 -3.92 0.04 0.03 50.03 17683.41 7238998.65 0.0000123526 1.11 1091409056008180200374272.00
P0 1.00 40 4 850355.19 21.73 7.12 -7.48 0.17 0.13 24.06 12978.71 24362217.13 0.0011420515 4.64 266613223020105050357760.00
P0 1.00 41 5 1077274.73 15.41 -49.85 -1.01 0.51 0.25 52.19 12959.70 13259502.98 0.0001676640 6.03 424323175342927773696000.00
P0 1.00 42 2 435169.54 19.21 -45.15 -1.28 0.26 0.25 49.08 17101.34 8234826.70 0.0000182710 4.10 945799273488195956768768.00
P0 1.00 43 23 4701495.99 14.13 -55.89 -6.63 0.95 0.54 58.03 9810.57 32205390.32 0.0063096406 8.43 121674545709336758321152.00
P0 1.00 44 9 1783067.87 9.17 -37.19 -1.44 0.51 0.31 38.33 12427.91 16345913.59 0.0003874907 9.45 338271301053048357388288.00
P0 1.00 45 2 424245.75 -0.31 -42.81 0.52 0.15 0.15 42.81 16079.15 9888693.05 0.0000340115 8.45 752797706895937631158272.00
P0 1.00 46 6 1200017.96 4.68 -19.61 -1.52 0.32 0.19 20.22 11480.67 28208888.87 0.0024962011 6.58 186875897253267500957696.00
P0 1.00 47 5 1079848.06 -0.21 -32.99 -1.67 0.37 0.31 33.03 12784.42 15038307.41 0.0002567034 8.43 378358085850951871102976.00
P0 1.00 48 5 1008697.68 -11.55 -22.93 -5.17 0.41 0.31 26.19 12956.20 17052725.92 0.0003657203 8.05 352889893346082446901248.00
P0 1.00 49 2 376849.49 -2.63 -16.67 -13.51 0.04 0.04 21.61 12159.45 17056899.54 0.0004868950 1.72 312581919554782376230912.00
P0 1.00 50 2 427108.57 -9.86 -1.16 -13.88 0.01 0.01 17.06 10851.20 33940618.74 0.0049118353 0.66 140847248528415351898112.00
P0 1.00 51 26 5378729.99 19.39 -54.02 14.64 1.90 0.85 59.23 9708.48 29353680.74 0.0057618936 6.94 138138704676713738010624.00
P0 1.00 52 38 8057881.47 18.03 -62.04 8.92 2.70 1.25 65.22 9394.15 35177610.33 0.0094693777 7.69 123905595641429646901248.00
P0 1.00 53 3 346052.18 -11.44 7.80 8.18 0.99 0.59 16.08 12634.14 43885911.20 0.0084932935 30.00 134019449444453880692736.00
P0 1.00 54 2 300176.41 -14.31 8.65 8.42 0.18 0.12 18.72 11798.22 54591693.84 0.0136574246 10.35 99711297417258003857408.00
P0 1.00 55 25 5252805.51 -1.78 -53.45 3.95 2.70 1.00 53.62 9998.02 29603471.57 0.0059806853 8.55 159311997763100648407040.00
P0 1.00 56 5 1077557.05 6.79 -47.27 3.11 0.58 0.38 47.86 11033.37 21788136.69 0.0014823514 18.71 215916919825930385358848.00
P0 1.00 57 2 427278.57 5.28 -38.35 3.71 0.26 0.26 38.89 13965.38 12468092.21 0.0001059133 6.53 504065154458511602614272.00
P0 1.00 58 4 810611.59 6.83 -48.42 3.74 1.20 0.67 49.04 12563.29 16291490.00 0.0003720959 18.94 347155107586209090633728.00
P0 1.00 59 15 3184514.82 7.11 -22.98 6.29 1.18 0.44 24.86 10276.95 38475245.26 0.0087559513 8.89 114531273041919344640000.00
P0 1.00 60 54 11385142.36 16.65 -10.79 7.32 2.52 0.90 21.14 9755.43 148849112.35 0.0612782625 20.31 46940732471605679095808.00
P0 1.00 61 16 3196055.24 8.58 -43.15 7.50 0.97 0.58 44.62 10319.45 28561279.99 0.0037750177 12.25 151275053664764906438656.00
P0 1.00 62 6 1141390.48 13.98 -33.70 7.92 1.14 0.58 37.33 13174.33 14601761.94 0.0002344509 10.20 411284932550395286257664.00
P0 1.00 63 4 860760.09 12.95 -41.71 7.63 0.23 0.15 44.33 13553.50 12894794.71 0.0001304738 3.33 467322877521121104625664.00
P0 1.00 64 17 3649685.21 12.33 -7.35 8.74 0.83 0.33 16.81 10335.54 72349531.84 0.0227482438 15.41 68435617731958127198208.00
P0 1.00 65 7 1495301.77 13.20 -12.89 7.43 0.43 0.27 19.89 10767.50 34369343.88 0.0052334871 13.63 137510260002584405213184.00
P0 1.00 66 5 1070983.54 12.15 -20.61 5.67 0.56 0.47 24.59 12290.39 20885877.89 0.0009339982 9.52 271948749547737507168256.00
P0 1.00 67 4 853723.70 14.63 -20.73 7.04 0.82 0.59 26.34 12552.43 18521473.29 0.0005762265 19.30 311318260915729906794496.00
P0 1.00 68 2 425458.41 11.07 -35.04 6.47 0.12 0.12 37.31 15861.88 11249363.71 0.0000505773 6.05 672271477821043183190016.00
P0 1.00 69 16 3230114.32 10.24 -10.97 5.05 0.72 0.34 15.83 10598.74 59654086.99 0.0166289477 13.32 82326850020444485976064.00
P0 1.00 70 22 4631529.71 12.13 -10.54 7.02 1.05 0.32 17.54 10279.17 111418490.44 0.0406881058 11.43 50476920426244557766656.00
P0 1.00 71 14 2778018.12 14.46 -16.71 8.10 1.17 0.47 23.54 10130.73 34307099.54 0.0070991672 14.49 123484183867862166798336.00
P0 1.00 72 3 683803.65 11.22 9.02 5.70 0.07 0.05 15.49 11750.67 52332727.21 0.0115444878 3.38 108512644429313256456192.00
P0 1.00 73 42 8858878.99 10.06 -37.49 12.63 2.43 1.05 40.82 9036.61 83470983.20 0.0333472385 13.06 67086944373322392010752.00
P0 1.00 74 11 2334775.75 -4.55 -35.11 8.23 0.51 0.23 36.34 11338.55 18718371.29 0.0009000843 7.00 256527708160169365995520.00
P0 1.00 75 29 6126121.17 10.87 -31.93 10.01 2.15 0.71 35.19 9203.71 72624228.75 0.0277038901 11.23 73127584024125803331584.00
P0 1.00 76 38 7002656.59 -14.25 4.91 -4.87 2.58 1.29 15.84 88787.07 1319791508.16 0.0265575768 30.83 514825474034021206851584.00
P0 1.00 77 2 424778.14 -27.52 -38.07 -6.71 0.43 0.43 47.45 18838.61 7287854.67 0.0000101156 7.43 1210970958977969153900544.00
P0 1.00 78 11 2291674.00 -0.78 -52.18 -2.47 0.90 0.46 52.25 11811.59 16349996.51 0.0004765272 11.07 309689132528415302221824.00
P0 1.00 79 8 1718476.80 3.66 -54.42 -2.04 0.66 0.38 54.58 12742.27 12481100.60 0.0001496367 6.48 432456463286144761593856.00
P0 1.00 80 4 909338.83 -15.90 6.15 -5.43 0.48 0.34 17.89 10671.29 69158385.15 0.0211595144 15.76 71887517778567181107200.00
P0 1.00 81 2 404813.35 14.87 -73.90 13.76 0.47 0.44 76.62 12926.62 11075237.97 0.0001262625 3.44 495545276516393023438848.00
P0 1.00 82 25 5200229.74 14.87 -53.41 12.12 1.97 0.79 56.75 9772.82 33962390.36 0.0082637941 8.68 132822459352228581867520.00
P0 1.00 83 2 430966.36 22.00 -69.72 11.35 0.47 0.47 73.99 14034.57 9706150.38 0.0000592641 10.13 617679566938608450404352.00
P0 1.00 84 17 3507289.16 22.73 -48.92 7.58 1.61 0.70 54.47 10966.32 21166625.08 0.0015557725 11.98 226304353894889794043904.00
P0 1.00 85 2 315914.45 23.23 -42.02 8.98 0.46 0.33 48.85 31522.06 19666048.45 0.0000234267 27.12 1474972935170514397167616.00
P0 1.00 86 4 698266.55 21.16 -46.02 16.32 0.96 0.65 53.22 14679.14 11746171.44 0.0000798467 20.58 575383252638085383454720.00
P0 1.00 87 11 2199824.13 22.39 -40.19 9.86 1.09 0.58 47.05 11249.74 20219297.93 0.0011686643 14.15 238127724840542099472384.00
P0 1.00 88 31 6380314.43 15.36 -76.43 5.41 2.90 1.47 78.15 10673.49 21195770.46 0.0019446843 13.28 224637869508102086197248.00
P0 1.00 89 2 315172.82 14.60 -65.18 15.01 0.43 0.32 68.46 13820.00 11418805.24 0.0001250899 7.97 553899369004389357322240.00
P0 1.00 90 23 4716400.00 11.91 -61.02 13.38 1.54 0.96 63.60 10038.05 25663791.58 0.0039382817 9.29 167977712854061375553536.00
P0 1.00 91 21 4369727.85 13.15 -63.81 4.82 1.55 0.78 65.33 10407.96 23816728.16 0.0024591914 6.45 185349393580753839718400.00
P0 1.00 92 6 1243683.71 12.66 -62.31 12.11 0.87 0.58 64.72 10498.03 19696364.66 0.0014684641 7.56 221379248465854509088768.00
P0 1.00 93 7 1397880.79 13.50 -74.91 7.84 1.40 0.83 76.52 11061.43 16713237.46 0.0008782290 11.30 284428414832793089998848.00
P0 1.00 94 2 426967.71 14.18 -69.01 7.24 0.42 0.42 70.82 10874.14 19984352.31 0.0012723047 8.11 226309771571829349023744.00
P0 1.00 95 40 8369154.30 18.65 -16.14 9.25 2.58 0.99 26.34 9606.58 84448645.94 0.0323603820 20.36 84137540824078835777536.00
P0 1.00 96 12 2398087.29 18.84 -29.04 8.36 0.73 0.41 35.61 10730.35 28183233.24 0.0031419024 12.42 164557826223065912049664.00
P0 1.00 97 5 906586.61 21.44 -33.33 10.44 0.61 0.44 40.98 12915.89 15555993.55 0.0002847029 15.21 376448593953816039129088.00
P0 1.00 98 10 2039301.59 18.15 -29.80 10.93 0.56 0.29 36.56 10076.66 29380055.49 0.0042500204 9.56 139581865425831452475392.00
P0 1.00 99 3 526010.83 19.43 -65.35 22.95 0.79 0.51 71.94 19758.54 4320299.31 0.0000028078 5.25 1865156279627007764987904.00
P0 1.00 100 8 1660812.61 21.78 -66.36 6.44 1.20 0.66 70.14 12273.13 12269555.71 0.0001704312 6.54 410632344398810029490176.00
P0 1.00 101 2 439297.45 4.74 8.31 14.75 0.33 0.32 17.58 11787.83 33495148.69 0.0040565441 12.19 163157819184849029693440.00
P0 1.00 102 5 932417.75 10.48 -2.79 34.41 0.51 0.27 36.08 12828.26 15381543.34 0.0003170099 7.52 360977610196739187277824.00
P0 1.00 103 2 384444.63 17.63 2.68 44.79 0.26 0.23 48.21 18887.15 8080129.30 0.0000142532 4.08 1088949617387128485838848.00
P0 1.00 104 2 306866.81 19.29 -13.96 11.50 0.06 0.06 26.45 16154.93 16041912.64 0.0001248228 8.10 542330592463547420114944.00
P0 1.00 105 3 616061.39 4.11 -1.84 16.43 0.37 0.28 17.04 13812.66 28375312.24 0.0017921545 5.91 242811982000776340832256.00
P0 1.00 106 8 1146834.67 -16.66 6.71 0.55 0.93 0.62 17.97 11450.22 55654802.98 0.0147145618 25.57 93581151919293857792000.00
P0 1.00 107 3 403202.50 -16.67 5.55 -1.52 0.36 0.31 17.64 85584.00 684303598.90 0.0082144148 29.03 712008518195369576759296.00
P0 1.00 108 2 320678.60 -16.75 8.50 1.91 0.59 0.45 18.88 11888.84 51052451.38 0.0119975332 18.25 108727650637316163108864.00
P0 1.00 109 2 501267.11 -14.29 8.92 -3.36 0.29 0.26 17.17 148585.96 1672732054.72 0.0107697535 16.22 997547582092872979054592.00
P0 1.00 110 12 2494626.83 -5.15 -33.59 4.43 0.87 0.41 34.27 10998.01 22317005.28 0.0015810047 7.56 211045270278630000295936.00
P0 1.00 111 3 496729.05 -14.17 6.34 6.43 0.77 0.46 16.80 11423.93 54476224.61 0.0149862489 13.21 93455911276487173472256.00
P0 1.00 112 11 2333354.58 11.37 -33.28 12.53 1.13 0.45 37.33 10876.83 23971667.83 0.0019712943 13.59 195092730239849531965440.00
P0 1.00 113 20 3818881.81 15.53 -11.93 9.60 1.20 0.67 21.81 10262.38 57060863.00 0.0166160222 15.09 86997954974424615616512.00
P0 1.00 114 8 1608080.62 13.65 -12.41 9.46 0.75 0.32 20.73 10750.26 43064451.98 0.0097075844 9.77 110722297193925053513728.00
P0 1.00 115 7 1156322.94 14.46 -15.56 10.96 0.26 0.21 23.90 11134.38 28505060.24 0.0028486156 6.99 174361182607503295250432.00
P0 1.00 116 3 650520.26 12.57 -6.77 10.87 0.10 0.07 17.95 12844.21 30052003.64 0.0020321349 8.85 219467628802651856044032.00
P0 1.00 117 3 622318.32 13.56 -10.07 10.19 0.70 0.48 19.73 13642.91 22806111.96 0.0008178705 19.71 307622823911609006555136.00
P0 1.00 118 2 425988.05 14.32 -16.68 11.33 0.19 0.19 24.73 12500.95 24058558.37 0.0012858121 15.10 250838186002742171926528.00
P0 1.00 119 2 306976.75 13.73 -8.92 12.75 0.28 0.28 20.75 19310.36 21693764.04 0.0001195100 4.52 595946687453862245171200.00
P0 1.00 120 6 1230452.09 15.42 -23.56 9.80 0.65 0.36 29.82 11646.91 18316656.47 0.0007738245 9.62 272849733131094229778432.00
P0 1.00 121 19 3907433.71 13.48 -44.05 12.20 1.01 0.66 47.65 10242.21 30490508.42 0.0046378930 12.27 140547093115043328294912.00
P0 1.00 122 2 427891.21 21.12 -68.78 12.39 0.37 0.37 73.01 10670.62 18971555.99 0.0011804477 2.76 230975876997046645817344.00
P0 1.00 123 2 378384.61 -8.52 -38.44 95.81 0.52 0.43 103.58 31085.26 2306419.72 0.0000001751 11.25 5862048652824424071823360.00
P0 1.00 124 3 636326.16 6.26 -42.21 16.89 0.37 0.26 45.89 15004.35 9447794.47 0.0000389219 9.92 694153086945158502547456.00
P0 1.00 125 12 2547996.86 5.33 -55.30 12.17 0.95 0.49 56.87 11721.67 15895278.09 0.0004457676 8.00 313057199823286020603904.00
P0 1.00 126 2 424912.72 13.98 -45.29 11.04 0.21 0.21 48.67 11493.76 19379560.20 0.0009687246 13.63 254328233354137274679296.00
P0 1.00 127 6 1285501.97 13.97 -48.22 11.47 0.75 0.51 51.50 12849.46 13959886.08 0.0002014835 7.22 403158486068592935698432.00
P0 1.00 128 24 4978152.95 8.43 -55.32 6.51 1.14 0.48 56.34 8774.53 51862678.45 0.0182969500 6.37 68846169152050490769408.00
P0 1.00 129 3 647433.22 6.74 -57.66 4.58 0.45 0.43 58.23 13397.06 12037562.84 0.0001154767 8.54 484458400790874916126720.00
P0 1.00 130 6 1195621.36 8.33 -61.66 3.94 0.74 0.50 62.35 14475.96 8698742.08 0.0000357101 6.44 689598071785395515817984.00
P0 1.00 131 34 7233072.76 7.56 -50.79 6.74 2.47 0.93 51.79 9175.62 49621587.66 0.0172929391 11.41 98666741542740891271168.00
P0 1.00 132 4 787719.38 8.27 -50.45 11.32 0.56 0.34 52.36 14015.28 11250497.88 0.0000784095 5.44 546553710692758917742592.00
P0 1.00 133 2 428511.53 13.45 -51.49 11.07 0.07 0.07 54.36 13439.15 13120769.41 0.0001404247 3.48 456041035864321782972416.00
P0 1.00 134 6 1272675.80 2.49 -41.47 10.48 0.50 0.35 42.85 13325.01 13477459.93 0.0001571218 5.86 441361292215372677644288.00
P0 1.00 135 7 1487216.98 3.93 -26.63 10.09 0.62 0.27 28.75 11641.46 19588773.78 0.0009424862 6.22 260142847495215421325312.00
P0 1.00 136 4 600979.23 6.62 6.29 13.08 0.57 0.44 15.96 11455.38 31806848.18 0.0044632390 15.85 154076017582514550865920.00
P0 1.00 137 2 438474.13 10.38 3.44 11.83 0.02 0.02 16.11 12364.61 27049609.54 0.0019291572 2.47 216351772033899074420736.00
P0 1.00 138 10 2136764.97 8.98 -29.00 10.11 1.31 0.67 32.00 11569.54 20680774.76 0.0012233186 13.76 253628548631824982605824.00
P0 1.00 139 16 3399429.68 -0.10 -44.88 6.06 1.12 0.59 45.29 10449.48 25688501.53 0.0026673288 8.54 171058327416164495392768.00
P0 1.00 140 3 639361.10 -1.35 -47.89 6.97 0.34 0.26 48.41 14146.46 11624867.41 0.0000831821 2.60 543471523622171917156352.00
P0 1.00 141 28 5848441.07 5.27 -65.44 -1.03 3.43 1.43 65.66 10991.60 19306307.96 0.0013415369 11.64 256393558679350224617472.00
P0 1.00 142 17 3559562.43 0.70 -67.56 -3.73 2.44 1.20 67.67 12067.48 13642976.18 0.0002931490 12.72 378546077603807721684992.00
P0 1.00 143 38 8040705.21 6.62 -63.80 -7.81 3.79 1.69 64.62 10976.74 22063784.36 0.0027239385 13.22 254607819657230459863040.00
P0 1.00 144 10 2095120.38 13.94 -64.31 -4.26 1.48 0.94 65.94 11220.21 18024890.73 0.0009372617 12.71 266821949410041000886272.00
P0 1.00 145 3 645624.05 11.84 -59.29 -8.68 0.37 0.29 61.08 16324.69 7565292.06 0.0000177226 6.86 927022848227533115097088.00
P0 1.00 146 2 444398.72 10.81 -52.64 -4.09 0.17 0.17 53.89 19183.99 6714141.34 0.0000079922 4.34 1317509808094732189958144.00
P0 1.00 147 4 848983.89 -3.63 -59.42 -6.32 0.59 0.38 59.86 15587.81 9164282.91 0.0000311076 5.78 754231347962166231695360.00
P0 1.00 148 4 791751.14 -1.34 -64.13 -6.67 0.59 0.42 64.49 16053.21 7017278.07 0.0000155413 9.31 949937471730614381051904.00
P0 1.00 149 3 591328.23 6.30 -64.37 -15.94 0.57 0.47 66.61 17885.57 5376488.88 0.0000062329 4.95 1364671810172485489393664.00
P0 1.00 150 2 379655.85 9.63 -62.29 -3.44 0.36 0.31 63.12 18999.54 6189202.59 0.0000069916 17.60 1370598614761568636764160.00
P0 1.00 151 3 639626.23 4.64 -64.35 -8.88 0.79 0.59 65.12 13804.37 12819757.30 0.0002412276 13.94 533785406846521619513344.00
P0 1.00 152 3 596133.78 14.43 -66.19 -3.40 0.92 0.63 67.83 14103.61 12397493.74 0.0001498111 9.68 541953631227413675376640.00
P0 1.00 153 4 895694.96 -5.61 17.88 -3.88 0.18 0.09 19.14 12412.05 51860010.77 0.0102981481 2.89 120621133328689255153664.00
P0 1.00 154 3 583919.17 20.12 -64.51 0.83 0.62 0.43 67.58 11289.54 18370089.47 0.0011383377 16.23 279346032967701558722560.00
P0 1.00 155 2 365601.92 8.38 -64.38 -14.91 0.28 0.24 66.62 19750.02 5605039.02 0.0000049221 2.58 1563680083836868323442688.00
P0 1.00 156 3 636282.46 2.00 -73.22 -4.55 0.54 0.42 73.39 17574.66 5358257.34 0.0000064516 9.08 1330249790314477906821120.00
P0 1.00 157 9 1863073.60 -11.25 -44.05 -0.44 0.33 0.21 45.47 11466.19 16751274.50 0.0005686385 4.73 287123606736259126394880.00
P0 1.00 158 3 649311.28 -4.88 -50.46 -0.31 0.25 0.21 50.70 16043.37 8628996.92 0.0000246263 6.61 824127731555618302984192.00
P0 1.00 159 2 433249.65 12.72 -65.82 5.30 0.21 0.21 67.24 12017.67 12828495.75 0.0002051957 8.34 382113718185453691076608.00
P0 1.00 160 2 373470.32 12.07 -68.40 -6.14 0.57 0.50 69.73 16304.06 6358818.07 0.0000120389 15.40 1040534181672335976693760.00
P0 1.00 161 2 367441.96 13.06 -67.49 4.71 0.39 0.33 68.90 15223.77 10568208.92 0.0000495403 24.39 657379734081422198046720.00
P0 1.00 162 2 434367.01 -0.10 -49.64 2.70 0.44 0.43 49.72 15707.79 8440007.10 0.0000252610 5.91 805737798445464230559744.00
P0 1.00 163 3 636345.52 -9.47 -49.08 0.99 0.42 0.31 49.99 16290.57 8871194.32 0.0000249143 3.72 830297047249591719690240.00
P0 1.00 164 6 1217375.76 0.28 -61.10 2.53 0.90 0.59 61.15 13276.37 11713433.05 0.0001198913 10.96 491744006312798975950848.00
P0 1.00 165 2 424210.37 1.42 -61.71 2.18 0.28 0.28 61.77 13601.40 11860898.62 0.0001002738 6.00 500468514225452063129600.00
P0 1.00 166 2 363045.06 1.78 -63.32 0.85 0.29 0.25 63.36 16672.71 7827138.39 0.0000178156 6.78 942668583436297915334656.00
P0 1.00 167 2 434176.84 3.10 -46.60 5.00 0.14 0.14 46.97 15246.46 9793372.91 0.0000401001 1.79 692356047757738262921216.00
P0 1.00 168 2 436500.11 11.32 -59.36 3.07 0.22 0.21 60.51 16716.25 7083945.25 0.0000140150 8.64 1009814862565559263821824.00
P0 1.00 169 6 1296034.40 2.46 -63.15 3.38 0.58 0.41 63.29 13595.47 11543826.18 0.0000946896 8.84 509480648999190485008384.00
P0 1.00 170 3 653822.87 23.61 -60.22 3.50 0.60 0.41 64.78 16533.81 6266926.26 0.0000111280 7.42 1076385196711696517824512.00
P0 1.00 171 2 275758.96 -16.19 9.29 -3.16 0.58 0.37 18.93 11446.27 58106720.62 0.0147424837 20.67 93881702069643841110016.00
P0 1.00 172 2 424182.14 10.16 -36.29 9.79 0.09 0.09 38.94 12838.90 14176319.91 0.0002078755 5.76 398958599197549815398400.00
P0 1.00 173 2 221228.01 -7.73 9.19 10.36 0.34 0.24 15.86 13619.73 40496033.61 0.0046532654 43.39 174192723152900796186624.00
P0 1.00 174 6 1066883.70 14.89 -75.16 2.91 1.13 0.77 76.68 12270.05 14754144.86 0.0004191520 11.26 374020563148697034031104.00
P0 1.00 175 3 579731.11 7.20 -76.07 2.41 0.61 0.51 76.45 18017.94 4422541.17 0.0000039600 6.47 1572929325681102886535168.00
P0 1.00 176 2 351599.21 18.41 -69.47 2.02 0.14 0.11 71.89 11246.29 16653822.37 0.0006340724 4.95 278215122722957394182144.00
P0 1.00 177 3 580182.07 19.33 -68.71 2.27 0.79 0.56 71.41 10671.47 17307332.05 0.0009014999 9.11 245227884289040658202624.00
P0 1.00 178 2 424579.96 3.22 -56.22 7.01 0.21 0.21 56.74 17366.39 7404244.17 0.0000136239 5.21 1046485981715625993568256.00
P0 1.00 179 2 430946.09 7.92 -56.65 7.71 0.43 0.43 57.72 11244.85 15738894.75 0.0004952861 2.47 291190415882159575269376.00
P0 1.00 180 4 863597.75 10.75 -61.37 11.58 0.65 0.42 63.37 11555.23 16580616.81 0.0005732932 8.44 294062082333393253564416.00
P0 1.00 181 3 637868.64 6.56 -44.20 16.29 0.67 0.52 47.56 15669.52 10818203.30 0.0000473758 20.04 679471017970098818252800.00
P0 1.00 182 6 1156267.66 22.91 -62.57 15.18 1.12 0.73 68.33 11615.12 15199287.44 0.0004340132 9.46 319315642723308744474624.00
P0 1.00 183 3 638069.38 23.61 -62.24 16.55 0.46 0.32 68.59 12037.82 12858393.31 0.0002341571 9.03 387366190650530574893056.00
P0 1.00 184 2 364064.19 -5.78 17.14 14.34 0.44 0.31 23.09 92412.88 468568297.63 0.0029774072 16.75 1050856971806892292571136.00
P0 1.00 185 12 1664768.29 -9.53 18.60 11.27 0.99 0.56 23.75 11371.89 58082379.60 0.0155036215 24.26 91475335864173421658112.00
P0 1.00 186 2 330696.05 -5.65 23.21 13.41 0.01 0.01 27.40 11343.71 27172896.22 0.0030027614 0.60 173415871529429636218880.00
P0 1.00 187 19 3197217.14 -8.70 14.10 13.09 1.17 0.58 21.11 28056.50 306515190.74 0.0398962997 24.77 178702224560263935295488.00
P0 1.00 188 3 415126.07 -11.59 18.78 7.96 0.44 0.32 23.47 11672.17 42956866.13 0.0090855555 18.53 121659470639332851712000.00
P0 1.00 189 2 289398.44 -8.82 12.12 13.20 0.31 0.28 19.98 11821.52 49185399.96 0.0116315182 20.16 108777022838377614934016.00
P0 1.00 190 2 369008.75 15.68 -28.15 13.13 0.32 0.27 34.80 15293.49 11700774.47 0.0000639785 2.76 614912633361609825189888.00
P0 1.00 191 2 283673.34 18.67 -34.93 12.36 0.52 0.43 41.49 16373.79 11871316.24 0.0000519274 23.51 684571073853044994080768.00
P0 1.00 192 5 1021973.18 20.71 -35.95 10.03 0.66 0.34 42.68 11606.62 17307714.66 0.0006725001 9.04 285772865097443271770112.00
P0 1.00 193 3 640060.74 25.15 -49.35 10.31 0.60 0.42 56.34 14203.08 10989314.80 0.0000703975 10.21 567208456367521371521024.00
P0 1.00 194 5 915615.04 18.07 -68.41 16.09 1.39 0.85 72.56 11387.71 16702983.99 0.0007541164 11.62 297149876040773901746176.00
P0 1.00 195 2 424847.05 17.74 -59.33 17.10 0.50 0.50 64.24 16712.56 6410746.35 0.0000114555 9.26 1081510598195218971885568.00
P0 1.00 196 2 317217.09 -15.48 4.12 -6.56 0.04 0.03 17.31 10860.62 69158540.23 0.0205128384 5.50 74208219114365981294592.00
P0 1.00 197 2 434177.70 -0.86 -29.34 -7.76 0.14 0.13 30.36 14194.86 10887819.80 0.0000686448 2.86 569585277773032508620800.00
P0 1.00 198 2 438437.36 2.07 1.86 32.20 0.10 0.09 32.32 14605.72 14625311.84 0.0001629241 3.32 470113056050528405946368.00
P0 1.00 199 14 2951728.58 -8.84 16.86 -8.75 1.25 0.54 20.95 12234.01 73383661.28 0.0185961059 19.19 95240998702318975188992.00
P0 1.00 200 3 588368.57 -8.60 30.02 -15.31 0.19 0.14 34.78 14029.78 13017353.89 0.0001292066 3.86 483141407193140425654272.00
P0 1.00 201 7 1508220.80 -38.58 44.41 -33.33 1.16 0.62 67.62 18783.83 8116134.48 0.0000135341 12.52 1119447276045433858686976.00
P0 1.00 202 2 362901.45 -17.29 17.81 2.77 0.03 0.03 24.98 10774.75 30814405.60 0.0046388101 2.01 142758429270790331432960.00
P0 1.00 203 6 1226635.96 -16.24 30.96 4.70 0.49 0.31 35.28 12065.57 23094541.21 0.0012778056 7.12 242963710059657348251648.00
P0 1.00 204 2 260627.26 5.13 22.08 -45.02 0.37 0.37 50.40 19917.33 6990230.31 0.0000089592 8.92 1303247483339874647408640.00
P0 1.00 205 2 424417.57 1.38 23.69 0.57 0.00 0.00 23.74 12452.94 24944997.30 0.0014137252 0.10 240751293321365197684736.00
P0 1.00 206 2 424314.13 42.30 24.42 -0.87 0.09 0.09 48.85 18737.11 7318969.74 0.0000103305 0.36 1199093715801486177337344.00
P0 1.00 207 2 265151.06 20.08 40.24 -15.94 0.05 0.04 47.71 21170.37 7625855.77 0.0000089224 1.68 1336006653784395821875200.00
P0 1.00 208 3 646355.03 23.57 31.89 -8.50 0.10 0.07 40.55 15892.11 10677613.79 0.0000438774 2.36 698353786643779852173312.00
P0 1.00 209 2 425005.55 45.72 25.98 -32.79 0.50 0.50 61.97 19962.90 6563241.08 0.0000066659 3.89 1429949051371985299308544.00
P0 1.00 210 4 848384.36 44.38 25.83 -32.28 0.89 0.56 60.65 19467.06 7509289.05 0.0000098127 5.84 1252850059001175574839296.00
P0 1.00 211 12 2548129.72 30.73 10.68 -9.06 0.85 0.29 33.77 11786.76 24347706.47 0.0015694251 8.59 224490829789081420955648.00
P0 1.00 212 3 269299.52 4.19 9.55 -18.40 0.17 0.14 21.16 13509.96 22995592.86 0.0010117987 6.25 286046849256012950536192.00
P0 1.00 213 2 364469.23 -24.41 12.69 -15.85 0.02 0.02 31.75 12434.48 16412637.34 0.0003822072 1.22 336645759311312089776128.00
P0 1.00 214 2 434728.26 -18.20 30.31 8.91 0.09 0.09 36.46 15351.98 16433757.57 0.0001627206 2.83 488781104064926387798016.00
P0 1.00 215 4 715853.43 -11.11 11.24 0.76 0.68 0.51 15.82 64930.98 965771352.42 0.0195907214 62.69 352780601427244443762688.00
P0 1.00 216 4 823940.01 -10.28 15.25 4.71 0.90 0.55 18.99 126915.21 1656459818.71 0.0101067276 20.09 779601779826742236545024.00
P0 1.00 217 3 493991.34 -13.63 14.81 4.04 0.42 0.33 20.53 11642.48 77341171.49 0.0226644709 16.16 75213593754463897649152.00
P0 1.00 218 3 460574.79 -16.72 13.16 1.46 0.31 0.20 21.33 11087.07 55443046.33 0.0154357789 19.28 88996636113508868554752.00
P0 1.00 219 3 500139.51 -14.68 15.57 7.24 0.31 0.25 22.59 11284.75 48363072.39 0.0121265624 24.81 102208162161848131518464.00
P0 1.00 220 2 392140.68 1.87 15.07 9.21 0.14 0.13 17.76 10677.55 74274330.61 0.0242215374 14.50 66584319621540970758144.00
P0 1.00 221 4 688841.03 -11.31 10.24 10.74 0.38 0.22 18.66 11608.96 77437780.19 0.0239012416 26.82 73314500281645861437440.00
P0 1.00 222 3 661184.17 14.55 16.61 54.54 0.36 0.24 58.85 18760.22 7962863.99 0.0000135107 4.65 1104869137482726026248192.00
P0 1.00 223 2 339564.12 22.02 26.39 17.32 0.05 0.04 38.48 15739.84 12201782.38 0.0000805366 3.06 592915097570323009110016.00
P0 1.00 224 12 2429676.66 20.34 11.36 -0.83 0.64 0.28 23.31 11432.72 52625199.71 0.0118488114 9.45 105703415968508783099904.00
P0 1.00 225 2 324500.86 4.85 12.88 7.30 0.12 0.09 15.58 11819.45 58129695.69 0.0147240554 14.14 95997536757809743396864.00
P0 1.00 226 2 431128.16 5.45 13.22 5.89 0.34 0.34 15.47 168538.82 1365775488.13 0.0000000837 26.34 1429047145107304340258816.00
P0 1.00 227 2 236672.93 1.24 10.09 13.49 0.04 0.03 16.89 11517.50 38739225.33 0.0085595632 5.20 123179651418665634496512.00
P0 1.00 228 2 433034.68 -19.57 10.96 -8.72 0.02 0.02 24.06 10874.54 32024378.19 0.0041329596 1.27 149776652303174681493504.00
P0 1.00 229 3 580194.09 -7.38 12.75 -7.63 0.17 0.12 16.59 13236.42 44237325.46 0.0057262783 8.94 158870241912897824358400.00
