model linking_length pyfof_grp N clump_mass[Msol] com_x[kpc] com_y[kpc] com_z[kpc] max_r[kpc] clump_r_avg[kpc] r[kpc] avg_temp[K] avg_pressure[Pa] avg_nHden[cm^-3] vdist[km/s] entropy[K/(Msolkpc**3)**(2/3)]
P0noBHs 1.00 0 3 661922.78 -12.36 -103.08 -0.08 0.67 0.58 103.82 17994.26 3643099.10 0.0000026618 8.82 1794502042472726046703616.00
P0noBHs 1.00 1 2 371373.40 -7.53 -140.58 2.38 0.46 0.40 140.80 12438.21 13727668.66 0.0002305815 5.82 387761071390049481785344.00
P0noBHs 1.00 2 6 1246759.02 -10.98 -107.81 3.37 0.99 0.70 108.42 13476.20 9476873.59 0.0000593892 9.61 579031496399877602017280.00
P0noBHs 1.00 3 3 601910.24 -8.99 -140.68 2.97 0.66 0.50 141.00 12724.46 10813540.84 0.0000998682 16.69 475195599468121563332608.00
P0noBHs 1.00 4 16 3357552.76 7.18 -91.59 6.11 2.12 1.19 92.08 11461.41 14838434.62 0.0004687793 15.87 322872763883236108533760.00
P0noBHs 1.00 5 2 307057.72 7.43 -99.58 5.52 0.16 0.16 100.01 14558.95 8281365.81 0.0000303787 16.03 719656400703585809072128.00
P0noBHs 1.00 6 37 7759292.57 8.19 -90.39 2.50 3.88 1.61 90.80 10662.96 20117324.18 0.0017221235 10.28 239536147362967304798208.00
P0noBHs 1.00 7 30 6167766.20 5.37 -102.11 6.58 2.48 1.41 102.46 9874.34 25921843.30 0.0041127219 9.33 165413358448685720010752.00
P0noBHs 1.00 8 19 3949951.48 4.63 -95.58 4.12 1.97 0.96 95.78 11381.17 15758514.27 0.0005760661 7.86 306021324201079267655680.00
P0noBHs 1.00 9 2 304704.74 4.09 -104.68 4.46 0.67 0.48 104.86 10542.34 19681007.04 0.0013136380 6.35 215570951402553889259520.00
P0noBHs 1.00 10 12 2496678.74 -0.50 -134.04 7.14 2.24 1.31 134.23 25994.74 131804329.63 0.0095791780 39.99 288230955952483382329344.00
P0noBHs 1.00 11 2 444348.56 -0.39 -135.15 5.37 0.21 0.21 135.26 9672.13 40948894.54 0.0112192487 12.04 92572798643014490652672.00
P0noBHs 1.00 12 2 426330.75 2.55 -104.53 4.12 0.24 0.24 104.64 10080.85 24468269.05 0.0026927325 10.87 166782101952976847372288.00
P0noBHs 1.00 13 2 366874.25 2.65 -102.53 3.44 0.47 0.40 102.62 10990.37 15882305.93 0.0005990448 3.21 277737870528446726144000.00
P0noBHs 1.00 14 3 645103.78 -6.44 -89.54 4.35 0.50 0.46 89.87 11062.29 16943969.38 0.0008229632 10.59 274329983433646087864320.00
P0noBHs 1.00 15 2 380990.80 1.48 -102.89 5.57 0.46 0.39 103.06 10164.62 21344827.60 0.0019810757 6.45 193053816372076589613056.00
P0noBHs 1.00 16 5 1068412.13 -3.84 -95.32 2.49 0.78 0.46 95.43 13125.39 9867311.53 0.0000707520 8.25 538668210316419434283008.00
P0noBHs 1.00 17 3 612233.12 -1.89 -135.35 6.50 0.86 0.63 135.52 25198.66 73035227.11 0.0052953808 26.14 410747099279733068660736.00
P0noBHs 1.00 18 2 370669.46 -3.92 -133.94 3.60 0.54 0.46 134.05 11645.35 18152070.81 0.0009653538 20.94 291888146936463462760448.00
P0noBHs 1.00 19 7 1495695.68 -2.49 -93.19 1.99 1.02 0.55 93.25 13282.84 9524856.35 0.0000597687 9.72 560776998218905977618432.00
P0noBHs 1.00 20 3 593894.18 1.38 -142.46 1.15 0.58 0.54 142.48 17691.81 5652332.53 0.0000080166 3.71 1308722879788093362143232.00
P0noBHs 1.00 21 3 659936.64 -4.12 -102.49 2.56 0.66 0.49 102.60 13527.78 9481568.39 0.0000559457 3.86 577872425559639661215744.00
P0noBHs 1.00 22 32 6766127.69 -7.97 -89.33 2.99 2.44 1.39 89.74 10364.19 21973022.65 0.0023420328 9.97 204935918978590287331328.00
P0noBHs 1.00 23 2 440673.18 -3.15 -145.89 4.71 0.48 0.47 146.00 15749.34 6828536.13 0.0000156749 30.43 935792320812314280329216.00
P0noBHs 1.00 24 2 324059.71 -7.05 -146.21 5.76 0.49 0.47 146.49 19361.64 8652793.48 0.0000133658 28.81 1126065849890744366530560.00
P0noBHs 1.00 25 3 604753.27 -9.02 -145.23 6.29 0.67 0.53 145.64 17478.85 7106258.22 0.0000123395 6.27 1083274849963329116438528.00
P0noBHs 1.00 26 690 98683928.25 -5.12 12.55 6.72 9.54 3.19 15.13 52785.03 3483982315.88 0.3009106425 76.10 173676405224723087097856.00
P0noBHs 1.00 28 11 2306270.19 -13.09 -80.60 -1.43 1.24 0.69 81.67 13132.21 11085378.07 0.0000969822 14.88 496791118871539872694272.00
P0noBHs 1.00 29 5 1072517.14 -11.68 -85.12 -2.18 0.90 0.59 85.95 15924.97 6604483.62 0.0000144633 10.95 989074363279774027087872.00
P0noBHs 1.00 30 18 3817850.24 -22.17 -67.63 -6.82 0.67 0.27 71.49 10147.90 24324863.48 0.0024547118 4.10 168978178379164829089792.00
P0noBHs 1.00 31 2 367333.79 -30.46 -67.41 -9.31 0.28 0.24 74.55 27774.19 5072689.92 0.0000010230 7.05 2982923987290784140361728.00
P0noBHs 1.00 32 33 6750599.67 -20.10 -70.75 -1.63 2.19 1.27 73.57 10604.21 22288774.88 0.0023940520 13.95 213848080031161927073792.00
P0noBHs 1.00 33 9 1627765.43 6.45 -67.33 3.83 1.65 0.88 67.75 14479.73 9705845.23 0.0000523623 17.32 655301714396535312089088.00
P0noBHs 1.00 34 8 1676485.66 7.89 -57.35 3.69 1.04 0.78 58.00 13108.05 12077683.86 0.0001224158 15.75 465026811518290118049792.00
P0noBHs 1.00 35 10 2079259.94 -1.09 -68.98 3.00 0.90 0.56 69.05 12301.69 12294491.71 0.0001623772 9.60 411974286953974394257408.00
P0noBHs 1.00 36 25 5275988.86 -15.93 -65.77 -0.48 1.90 1.08 67.68 10745.08 20718043.47 0.0016238517 10.96 226257948208239950692352.00
P0noBHs 1.00 37 14 2668922.20 7.39 -54.13 -4.85 1.23 0.79 54.85 13239.01 12118565.18 0.0001266363 13.81 473614853371958245982208.00
P0noBHs 1.00 38 7 1530725.75 7.08 -57.34 -0.43 0.99 0.55 57.77 14409.77 10114829.08 0.0000546378 12.46 618781742339872545308672.00
P0noBHs 1.00 39 3 643699.13 -0.38 -55.58 -1.02 0.51 0.40 55.59 18091.36 7122904.49 0.0000110097 10.31 1153171530619033076367360.00
P0noBHs 1.00 40 3 651222.68 5.90 -65.39 2.27 0.71 0.50 65.69 15310.76 8213948.61 0.0000268579 9.78 794899509443486929649664.00
P0noBHs 1.00 41 2 426353.14 -1.38 -68.42 1.85 0.46 0.46 68.46 13826.75 9975311.52 0.0000584331 6.91 581436529621920162775040.00
P0noBHs 1.00 42 25 5213844.09 -3.07 -56.00 3.00 1.75 0.95 56.17 10438.12 24018136.52 0.0023776263 10.47 184519203371937857273856.00
P0noBHs 1.00 43 2 426996.34 -6.94 -57.34 0.68 0.47 0.46 57.76 20810.15 5568757.20 0.0000040276 9.91 1730912065809857155956736.00
P0noBHs 1.00 44 14 2915848.14 -11.01 -65.61 4.21 1.59 0.90 66.66 12917.45 12063200.81 0.0001381817 11.90 458867161736194593652736.00
P0noBHs 1.00 45 6 1276230.37 -15.62 -47.60 -2.02 0.93 0.48 50.14 12392.89 14650954.00 0.0002970006 14.42 371413122081429680816128.00
P0noBHs 1.00 46 2 434025.36 -3.46 -51.20 -4.64 0.49 0.49 51.53 43850.10 16007271.48 0.0000042573 7.72 2964667145228535034019840.00
P0noBHs 1.00 47 7 1493666.54 -15.55 -59.46 5.22 0.83 0.60 61.69 14323.75 9224131.20 0.0000431356 8.17 654072005182106332299264.00
P0noBHs 1.00 48 2 310826.36 -11.89 10.49 4.84 0.44 0.32 16.58 11290.25 66428175.73 0.0180269400 12.77 83147407425835389419520.00
P0noBHs 1.00 49 12 2515209.57 3.95 -42.01 -3.82 1.20 0.79 42.36 13457.55 14420346.97 0.0001900419 13.84 429682239440704919044096.00
P0noBHs 1.00 50 30 6158239.34 -6.14 -30.78 -2.86 2.32 1.09 31.52 10691.42 35055469.64 0.0067847662 21.67 145547325478878278844416.00
P0noBHs 1.00 51 4 807731.65 -2.49 -35.56 -7.76 0.63 0.37 36.48 15790.91 10198797.95 0.0000397578 14.95 717764957907054971846656.00
P0noBHs 1.00 52 4 810473.47 -4.98 17.06 -2.34 0.36 0.18 17.93 12333.78 50144541.31 0.0093771159 2.84 125585453010326210478080.00
P0noBHs 1.00 53 121 24712234.36 14.65 -40.49 2.85 4.49 2.22 43.15 9596.64 52106605.20 0.0172322059 17.50 106540480796484096229376.00
P0noBHs 1.00 54 6 1272758.29 5.60 11.53 -8.67 0.35 0.21 15.47 12482.22 45579658.22 0.0070067407 11.44 141931059166683997405184.00
P0noBHs 1.00 55 3 647168.60 7.04 -42.61 -0.36 0.33 0.23 43.18 16834.68 9951063.10 0.0000290548 8.46 812115448420821821816832.00
P0noBHs 1.00 56 2 424306.39 11.82 29.19 -8.70 0.23 0.23 32.67 14632.95 13102229.56 0.0001009975 3.05 530781613006729900982272.00
P0noBHs 1.00 57 9 1762607.95 6.68 -12.52 -8.97 0.90 0.47 16.79 11548.73 31710958.12 0.0033374112 19.69 172086755629770039361536.00
P0noBHs 1.00 58 5 1069188.70 11.28 -14.21 -4.32 0.56 0.32 18.65 12302.02 22974188.46 0.0011830308 12.36 253249159641971887702016.00
P0noBHs 1.00 59 3 585882.68 11.08 -26.58 -2.08 0.32 0.23 28.87 16181.66 11641857.59 0.0000506291 16.75 682024062088434321195008.00
P0noBHs 1.00 60 7 1427415.05 33.98 21.49 -54.57 0.65 0.39 67.78 20575.22 7596384.18 0.0000079317 6.03 1372607468717684161511424.00
P0noBHs 1.00 61 18 3708819.82 -0.41 -18.51 -5.44 1.01 0.47 19.29 10825.61 46491748.91 0.0108329332 15.65 106628519380128832159744.00
P0noBHs 1.00 62 6 1280626.23 -5.27 -23.87 -10.26 0.87 0.71 26.51 14227.12 16499926.25 0.0002341528 15.51 430460962813326038925312.00
P0noBHs 1.00 63 2 170043.83 -7.37 13.74 3.91 0.09 0.06 16.07 12560.28 64249367.88 0.0141071094 6.58 103350178552530075648000.00
P0noBHs 1.00 64 14 2951009.61 8.90 -46.56 -0.75 1.30 0.60 47.41 11212.43 19319228.22 0.0010639403 12.15 248283114521088703332352.00
P0noBHs 1.00 65 7 1462202.58 4.97 -28.01 -6.92 0.82 0.49 29.28 13887.55 15907701.94 0.0002227344 10.65 421719931153112079794176.00
P0noBHs 1.00 66 10 2076072.37 -30.89 -37.60 -6.76 1.19 0.79 49.12 13233.20 13046651.96 0.0001540057 12.69 450642246012600078827520.00
P0noBHs 1.00 67 16 3285311.56 -29.28 -33.47 -5.99 1.33 0.76 44.88 11117.24 20672016.71 0.0012877507 10.34 232178001600816376446976.00
P0noBHs 1.00 68 6 1292918.63 -9.75 -34.52 3.87 0.58 0.38 36.08 16141.91 12345123.88 0.0000598997 14.10 653103324237901550583808.00
P0noBHs 1.00 69 2 426479.48 -45.14 -13.88 -1.77 0.43 0.43 47.26 20235.73 8860335.17 0.0000118148 1.68 1202153934262925243973632.00
P0noBHs 1.00 70 3 347884.53 -12.67 8.09 1.65 0.35 0.32 15.12 11848.14 86607937.73 0.0247781255 37.24 72671055957340245196800.00
P0noBHs 1.00 71 3 318972.81 -12.65 9.16 0.36 0.53 0.30 15.62 11983.15 58450365.33 0.0137539257 29.92 100880919289307087241216.00
P0noBHs 1.00 72 5 1076447.80 -8.02 -28.30 -8.79 0.62 0.48 30.70 15016.87 13930277.16 0.0001097562 10.76 530009015498279131021312.00
P0noBHs 1.00 73 4 858210.06 -15.08 -38.81 -11.12 0.62 0.51 43.09 16665.91 9731696.68 0.0000284860 7.94 811787335949204733296640.00
P0noBHs 1.00 74 10 1917388.68 15.66 -47.19 3.20 1.44 0.63 49.82 11533.63 18155060.16 0.0007976199 13.63 273070708625167873998848.00
P0noBHs 1.00 75 8 1710889.27 -25.06 -28.03 -13.20 1.00 0.65 39.85 14143.45 13399101.25 0.0001237964 13.97 492664750204528013344768.00
P0noBHs 1.00 76 2 447725.50 -20.22 -30.83 -17.41 0.33 0.32 40.77 17519.31 8361656.66 0.0000171943 11.35 978990234581742827601920.00
P0noBHs 1.00 77 5 1033474.45 -51.24 5.00 -2.95 0.80 0.43 51.57 24578.29 10999910.71 0.0000124840 14.66 1440319083598671633186816.00
P0noBHs 1.00 78 6 1281754.04 -38.19 -28.33 -3.43 0.94 0.63 47.67 16600.85 10377981.04 0.0000339291 17.70 772059237708448508411904.00
P0noBHs 1.00 79 3 582864.12 -14.05 -44.79 -2.15 0.53 0.36 46.99 14022.07 14079087.01 0.0001538326 11.64 470596783379579047772160.00
P0noBHs 1.00 80 3 638221.66 -16.33 -17.75 -6.34 0.46 0.35 24.94 15319.67 14955612.20 0.0001233970 16.11 522251564799085265289216.00
P0noBHs 1.00 81 11 2300029.66 -15.15 -45.75 -1.35 1.02 0.56 48.21 11328.06 18436930.00 0.0008739044 12.60 261387147605232005939200.00
P0noBHs 1.00 82 5 1004481.99 -25.27 -35.96 -1.19 0.69 0.48 43.96 16905.22 10585535.53 0.0000337815 15.42 785932006733207333502976.00
P0noBHs 1.00 83 3 638676.52 -9.98 -12.94 -16.06 0.49 0.33 22.91 14111.54 17359710.45 0.0002680253 9.67 406518139510182020907008.00
P0noBHs 1.00 84 3 640410.32 -14.88 -2.62 -14.19 0.16 0.13 20.72 12829.11 25645204.76 0.0013480472 9.71 250662056110051989389312.00
P0noBHs 1.00 85 17 3512156.88 -15.98 2.45 -19.81 1.29 0.63 25.57 11732.46 42634711.94 0.0077232992 20.38 136611214964457511845888.00
P0noBHs 1.00 86 2 424301.10 -37.72 -26.54 -8.27 0.19 0.19 46.85 15971.81 12745706.15 0.0000677060 9.68 628126568489481112911872.00
P0noBHs 1.00 87 10 2125010.64 -35.96 -26.27 -8.59 1.19 0.68 45.35 12894.24 16005831.51 0.0003148745 18.86 370275061185480327430144.00
P0noBHs 1.00 88 3 639813.62 -22.94 -16.70 -10.29 0.66 0.47 30.18 17563.92 11803943.13 0.0000383111 11.26 777496313219738108952576.00
P0noBHs 1.00 89 7 1490064.03 -25.58 -33.92 -6.41 0.97 0.55 42.96 19380.24 18256851.57 0.0000889940 15.17 689708805125256926724096.00
P0noBHs 1.00 90 7 1430532.07 -24.52 -45.71 -11.52 1.11 0.70 53.13 13592.44 10754913.29 0.0000793443 9.77 539403603321767795359744.00
P0noBHs 1.00 91 6 1277124.34 -18.89 -43.44 -12.79 0.98 0.60 49.06 14509.43 10591402.60 0.0000584262 9.09 606081656308469482913792.00
P0noBHs 1.00 92 17 3464391.13 15.73 -51.60 3.81 1.80 0.98 54.08 10761.28 21432204.73 0.0016836466 16.95 215945409046113693990912.00
P0noBHs 1.00 93 8 1701569.40 -27.52 -44.17 -8.06 1.24 0.62 52.66 14301.26 11340715.79 0.0000793644 14.56 569445976831538833129472.00
P0noBHs 1.00 94 2 424311.60 -29.97 -39.39 -12.22 0.20 0.20 50.98 20382.81 6743846.66 0.0000064148 13.62 1462027063105517244121088.00
P0noBHs 1.00 95 9 1893605.28 -13.15 -7.77 -10.15 0.60 0.31 18.34 11162.03 38931616.99 0.0065899042 14.12 131260871578781256515584.00
P0noBHs 1.00 96 2 425133.70 -11.71 -2.37 -9.85 0.37 0.37 15.48 13013.77 35164859.38 0.0029838127 25.03 199406967246111209684992.00
P0noBHs 1.00 97 2 425991.99 -25.45 -47.23 -11.63 0.17 0.17 54.90 13866.13 9684381.07 0.0000537069 4.45 596996866289880008753152.00
P0noBHs 1.00 98 2 365563.81 -18.26 -50.27 -1.86 0.44 0.37 53.52 16585.54 9458467.09 0.0000270515 3.81 821475619021159397326848.00
P0noBHs 1.00 99 3 642576.03 -22.11 -64.62 -7.42 0.61 0.54 68.71 14711.06 8553170.00 0.0000323268 11.58 720410651421392177725440.00
P0noBHs 1.00 100 3 637599.91 -19.92 -64.22 -3.71 0.65 0.44 67.34 16229.73 6235572.30 0.0000114962 6.20 1050423254848749703266304.00
P0noBHs 1.00 101 6 1171044.05 15.20 -49.96 3.89 0.63 0.53 52.37 10873.34 20319092.89 0.0012997160 7.18 222660954475823483584512.00
P0noBHs 1.00 102 28 5969701.01 9.25 -53.58 2.50 1.63 0.93 54.43 9922.73 29636014.24 0.0053696523 13.03 141817648025435874787328.00
P0noBHs 1.00 103 2 429109.98 0.76 -101.94 8.21 0.15 0.15 102.27 9359.27 32214566.91 0.0067865802 4.10 109830738824282412941312.00
P0noBHs 1.00 104 19 3986398.32 -2.07 -87.50 8.02 2.17 1.23 87.89 11471.30 15727991.79 0.0006463366 6.92 319275357534026727424000.00
P0noBHs 1.00 105 21 4410876.32 2.95 -102.05 9.19 2.23 1.18 102.50 9501.46 32465436.75 0.0076593521 10.03 128584554427830824337408.00
P0noBHs 1.00 106 6 1309909.14 9.56 -70.40 10.93 0.99 0.61 71.88 12357.37 12649023.00 0.0001767760 11.10 406287910309672502951936.00
P0noBHs 1.00 107 2 434419.23 4.33 -71.82 13.63 0.20 0.20 73.23 19215.77 5611810.34 0.0000053665 4.83 1495043002773654611165184.00
P0noBHs 1.00 108 2 444640.53 8.47 -76.49 14.80 0.44 0.44 78.36 20882.77 6002011.46 0.0000049141 9.03 1650865420660052691255296.00
P0noBHs 1.00 109 6 1195303.12 6.39 -77.32 12.88 0.88 0.59 78.65 13635.89 10054723.52 0.0000647888 9.62 564952921191899700658176.00
P0noBHs 1.00 110 2 437833.13 6.84 -76.29 13.94 0.36 0.35 77.85 15364.10 8224938.47 0.0000254470 7.80 792158988115860286078976.00
P0noBHs 1.00 111 2 433647.30 4.93 -76.98 13.36 0.30 0.30 78.29 15875.83 7911654.37 0.0000212041 9.95 858776341614785514700800.00
P0noBHs 1.00 112 2 425172.95 7.98 -70.84 11.46 0.49 0.49 72.20 15380.72 8545430.62 0.0000274817 18.71 772776599368953828999168.00
P0noBHs 1.00 113 10 2028073.17 11.63 -71.95 8.86 1.60 0.73 73.42 11974.89 14285670.63 0.0003087993 8.46 355131074304632141381632.00
P0noBHs 1.00 114 139 28704349.53 -1.23 -78.38 9.40 6.79 3.13 78.96 9955.43 26881710.37 0.0047211044 14.88 163241462644671818760192.00
P0noBHs 1.00 115 7 1449737.49 6.12 -81.77 11.10 1.50 0.81 82.75 14384.78 9143551.86 0.0000416582 9.95 660130066174535115210752.00
P0noBHs 1.00 116 2 374063.85 7.06 -82.53 12.01 0.52 0.44 83.70 15740.51 8523391.54 0.0000254841 5.72 804329389029052238528512.00
P0noBHs 1.00 117 3 615887.37 7.09 -78.66 12.69 0.74 0.47 79.99 14436.22 8717503.81 0.0000376861 9.84 688624065824789947744256.00
P0noBHs 1.00 118 13 2784964.89 5.59 -88.36 8.88 1.53 0.93 88.98 12083.63 13251002.42 0.0002290253 10.65 378304499349391128133632.00
P0noBHs 1.00 119 2 430737.94 5.51 -82.85 12.10 0.16 0.16 83.91 15714.55 8698679.95 0.0000268154 5.89 791173500110824607318016.00
P0noBHs 1.00 120 2 436646.88 4.61 -96.78 10.55 0.35 0.35 97.46 18425.90 6858714.27 0.0000095671 25.47 1215823759769421037436928.00
P0noBHs 1.00 121 2 428643.59 1.39 -100.95 8.63 0.47 0.47 101.33 10224.17 22529790.76 0.0020283034 12.15 183176881965692690104320.00
P0noBHs 1.00 122 2 424241.23 -0.62 -101.09 8.97 0.44 0.44 101.49 10128.43 22556808.47 0.0021610956 5.21 181404699813622986047488.00
P0noBHs 1.00 123 14 2708860.75 11.36 -79.76 6.71 2.21 1.11 80.84 12289.97 12965519.13 0.0002114988 11.12 401119396884364918784000.00
P0noBHs 1.00 124 4 622332.98 11.86 -73.78 7.77 0.75 0.64 75.13 13827.89 10037237.46 0.0000652081 13.90 585362400762554713374720.00
P0noBHs 1.00 125 4 867112.28 11.36 -76.40 6.63 0.63 0.48 77.53 13472.77 9237029.01 0.0000523478 9.75 585773577819234141995008.00
P0noBHs 1.00 126 2 315388.84 12.55 -70.92 9.19 0.44 0.32 72.60 13617.73 10940577.13 0.0000805775 8.30 530979329804789667069952.00
P0noBHs 1.00 127 8 1661733.67 10.74 -82.50 6.18 1.55 0.89 83.42 12834.48 11439636.43 0.0001284219 13.93 475113389458618492911616.00
P0noBHs 1.00 128 4 759470.23 6.98 -87.63 9.49 0.45 0.31 88.42 12793.26 11167166.95 0.0001093683 7.70 471146030012001100496896.00
P0noBHs 1.00 129 3 654006.31 6.12 -94.64 8.80 0.33 0.27 95.24 12373.86 11591274.35 0.0001360017 9.90 432894115020282406109184.00
P0noBHs 1.00 130 3 530709.54 8.09 -68.35 10.27 0.76 0.49 69.59 15915.11 8484830.58 0.0000279553 6.33 840616233385585952161792.00
P0noBHs 1.00 131 3 674903.29 9.97 -69.17 10.11 0.64 0.43 70.61 12781.44 11890323.72 0.0001314881 4.52 450340118258810005487616.00
P0noBHs 1.00 132 2 424238.91 8.00 -60.86 8.97 0.31 0.31 62.04 36489.12 7732596.17 0.0000008783 13.96 3547452813156659304071168.00
P0noBHs 1.00 133 29 5942584.08 11.09 -49.10 6.43 1.98 0.93 50.75 9684.95 34962455.54 0.0085602589 11.65 124345270975760607215616.00
P0noBHs 1.00 134 5 1087143.30 9.17 -29.38 6.21 0.67 0.45 31.40 12708.17 21264880.58 0.0009699265 22.24 295031289283771549876224.00
P0noBHs 1.00 135 22 4695558.57 11.30 -29.76 7.01 1.19 0.65 32.60 10064.82 38977817.67 0.0091478571 14.05 108134793283314904989696.00
P0noBHs 1.00 136 8 1723538.81 12.94 -52.47 7.07 1.18 0.81 54.50 12895.92 12853479.75 0.0001866957 11.66 441964365120405495611392.00
P0noBHs 1.00 137 12 2413944.42 14.99 -63.69 6.69 1.45 0.79 65.77 12448.92 13137123.39 0.0002285648 9.56 410322991874628072243200.00
P0noBHs 1.00 138 3 643663.16 10.75 -46.18 4.39 0.19 0.16 47.61 16254.12 10572789.48 0.0000386330 6.90 734343257475442662178816.00
P0noBHs 1.00 139 2 427523.70 11.43 -62.70 5.52 0.39 0.39 63.97 11087.60 18008700.53 0.0008611567 9.70 254649012643827466371072.00
P0noBHs 1.00 140 47 9832145.45 11.41 -62.58 4.49 3.58 1.96 63.77 10198.54 25604057.97 0.0041091733 13.10 182373649374004650180608.00
P0noBHs 1.00 141 4 849980.76 3.53 -79.44 -7.60 0.80 0.50 79.89 18133.57 4844354.43 0.0000046866 5.49 1501161974982147867410432.00
P0noBHs 1.00 142 14 2951683.36 3.91 -78.38 4.22 1.43 0.91 78.59 13076.95 10929653.62 0.0000959006 6.81 498639103030833272848384.00
P0noBHs 1.00 143 4 861030.78 -0.40 -70.61 3.13 0.56 0.35 70.68 13662.37 9821035.95 0.0000588181 6.53 576288660891754257448960.00
P0noBHs 1.00 144 4 750861.47 7.46 -87.57 3.96 0.73 0.44 87.97 12305.79 12758929.53 0.0002075299 9.14 409639996637152685326336.00
P0noBHs 1.00 145 10 2140333.30 6.20 -83.21 2.50 1.75 0.99 83.48 13450.99 9883341.56 0.0000658006 11.25 561265550007419327741952.00
P0noBHs 1.00 146 13 2821336.64 10.12 -73.75 4.18 2.13 1.12 74.55 12781.03 11946475.45 0.0001517024 9.50 457597072260687944744960.00
P0noBHs 1.00 147 4 800252.54 13.54 -73.60 5.50 0.48 0.40 75.04 13114.54 11275758.73 0.0001011693 7.25 487904706373922823602176.00
P0noBHs 1.00 148 5 1013607.53 14.67 -71.76 4.61 1.04 0.61 73.39 17017.00 8641859.87 0.0000259230 10.51 943066603153591944347648.00
P0noBHs 1.00 149 2 372103.10 9.80 -80.05 2.13 0.29 0.25 80.68 13185.74 10382269.32 0.0000791969 2.92 520673210607429344034816.00
P0noBHs 1.00 150 3 597403.36 9.88 -78.29 1.24 0.67 0.47 78.92 13251.46 9996795.33 0.0000705326 4.87 539608802077287630503936.00
P0noBHs 1.00 151 4 806335.04 9.04 -80.64 1.27 0.87 0.60 81.16 13482.52 10393029.88 0.0000851698 6.99 548925546263922415239168.00
P0noBHs 1.00 152 3 654745.77 8.69 -78.86 0.96 0.81 0.55 79.34 12828.27 10477447.96 0.0000904282 5.05 494848196841442411282432.00
P0noBHs 1.00 153 2 367460.83 14.45 -74.10 4.14 0.43 0.37 75.61 16451.48 7443642.84 0.0000177672 2.56 964089698001253165957120.00
P0noBHs 1.00 154 3 580858.88 8.17 -85.61 5.18 0.57 0.41 86.15 14985.33 7152906.37 0.0000200311 6.05 835729111546691862921216.00
P0noBHs 1.00 155 2 377166.39 -3.66 -85.16 4.29 0.58 0.50 85.35 15543.04 6732893.63 0.0000161576 6.62 939167343630791963836416.00
P0noBHs 1.00 156 6 1214133.54 -5.86 -85.45 4.62 1.16 0.74 85.77 13634.73 9594140.47 0.0000577303 14.22 586343355331605491089408.00
P0noBHs 1.00 157 2 453616.11 -4.59 -141.27 0.28 0.37 0.37 141.34 14520.74 9122932.55 0.0000394695 3.72 668884773651582338203648.00
P0noBHs 1.00 158 2 444584.38 -3.24 -135.78 -0.61 0.24 0.24 135.82 13594.65 6422920.71 0.0000212753 6.52 760022062106852651433984.00
P0noBHs 1.00 159 2 434524.11 -16.08 -60.19 4.32 0.06 0.06 62.45 15030.15 8221234.18 0.0000269034 4.56 764549394005710017134592.00
P0noBHs 1.00 160 3 642700.90 -16.60 -70.09 6.50 0.42 0.32 72.32 13743.46 10764304.04 0.0000883355 10.15 560355223220882205835264.00
P0noBHs 1.00 161 2 428672.71 -17.51 -50.77 -0.87 0.17 0.17 53.71 15735.07 8512509.24 0.0000252087 8.44 806820199707870096261120.00
P0noBHs 1.00 162 2 424206.21 -12.49 -82.95 -2.11 0.39 0.39 83.91 14964.05 8030844.86 0.0000260231 10.65 772761452951375768977408.00
P0noBHs 1.00 163 6 1211208.91 -5.60 -76.56 9.89 1.15 0.68 77.40 13459.29 10234514.84 0.0000795959 15.32 555283071913090929917952.00
P0noBHs 1.00 164 4 853462.58 -9.22 -75.55 9.45 1.03 0.69 76.69 13508.22 10568204.18 0.0000756203 10.10 537826577898906025197568.00
P0noBHs 1.00 165 2 429206.54 -9.61 -73.98 8.63 0.24 0.24 75.10 15681.14 7602571.79 0.0000199350 5.31 866883938808603720286208.00
P0noBHs 1.00 166 2 441377.62 -6.37 -140.91 1.31 0.27 0.26 141.06 11977.57 12250659.61 0.0001820430 9.53 393007061057503393480704.00
P0noBHs 1.00 167 5 1067240.96 -8.31 -76.63 8.43 0.50 0.43 77.54 11971.69 13578582.18 0.0002398683 11.16 364942600959364786290688.00
P0noBHs 1.00 168 4 849051.89 -8.66 -78.26 8.83 0.66 0.52 79.23 12612.75 12486542.21 0.0001577350 7.34 426624909699583016173568.00
P0noBHs 1.00 169 26 5492568.01 -7.09 -81.49 7.91 2.05 0.97 82.18 10108.51 25132857.77 0.0031041874 10.56 169084699952094753325056.00
P0noBHs 1.00 170 2 424216.56 -9.06 -79.67 8.49 0.39 0.39 80.63 12633.71 11882288.50 0.0001325144 9.56 441757387119011993485312.00
P0noBHs 1.00 171 3 673741.90 -16.42 -142.86 10.38 0.65 0.45 144.17 24134.11 3427746.97 0.0000009926 6.47 3095976189746669525401600.00
P0noBHs 1.00 172 4 694013.56 3.97 -104.66 9.90 0.88 0.71 105.20 11886.25 15591329.21 0.0007218025 12.54 356700254908364026281984.00
P0noBHs 1.00 173 6 1257246.87 -0.96 -132.18 11.49 0.83 0.56 132.68 11081.38 28113694.71 0.0029994369 18.85 177263787844777174630400.00
P0noBHs 1.00 174 5 1090360.45 4.81 -103.84 8.27 0.89 0.63 104.28 10019.77 24494297.27 0.0028846806 6.28 166262422517540852858880.00
P0noBHs 1.00 175 2 424225.29 0.47 -103.30 8.31 0.12 0.12 103.63 11427.51 19705575.14 0.0010081312 3.77 251248176991988929789952.00
P0noBHs 1.00 176 2 379810.61 -3.31 -148.74 7.08 0.51 0.44 148.94 45346.50 10737247.25 0.0000002236 33.95 4103459556561732501504000.00
P0noBHs 1.00 177 2 445931.80 -6.41 -147.03 10.83 0.36 0.35 147.57 21047.69 6789492.21 0.0000058854 8.93 1528409613375970010464256.00
P0noBHs 1.00 178 2 378643.66 -6.13 -146.97 12.08 0.51 0.43 147.59 29656.10 6334780.08 0.0000015431 7.52 2868280841189729677344768.00
P0noBHs 1.00 179 2 383845.20 -0.09 -136.12 8.09 0.34 0.29 136.36 86898.93 177729391.65 0.0000001527 29.40 1866955208026196925218816.00
P0noBHs 1.00 180 2 435242.12 0.97 -132.49 8.69 0.37 0.36 132.78 11020.12 24298096.64 0.0019426142 16.38 196683243870188178767872.00
P0noBHs 1.00 181 5 1093208.39 -3.36 -136.13 9.26 1.05 0.68 136.49 14158.96 49211299.98 0.0089828928 30.44 195598562855893780660224.00
P0noBHs 1.00 182 2 378503.04 1.76 -137.72 6.98 0.55 0.47 137.91 12824.92 12444677.75 0.0001613154 13.17 439688279132719431024640.00
P0noBHs 1.00 183 2 436276.40 -3.52 -134.94 7.45 0.36 0.36 135.19 10576.21 53661037.16 0.0144847273 23.36 115526844825260202655744.00
P0noBHs 1.00 184 13 2694308.72 -2.85 -133.11 8.32 1.60 1.00 133.41 172848.22 16036783680.44 0.0218459473 49.34 439451239309949622288384.00
P0noBHs 1.00 185 3 653285.67 -4.66 -135.96 12.47 0.79 0.55 136.61 12410.37 16657579.52 0.0004269809 22.56 333335418637524576239616.00
P0noBHs 1.00 186 2 462224.90 -7.55 -138.64 8.68 0.28 0.27 139.12 11494.90 21726836.46 0.0012878223 13.05 232092798928201225076736.00
P0noBHs 1.00 187 2 443013.40 -1.21 -136.68 10.13 0.47 0.46 137.06 10722.10 23037630.09 0.0018388924 19.52 194409271984481630158848.00
P0noBHs 1.00 188 2 438834.84 -0.59 -134.30 11.30 0.39 0.38 134.78 13253.48 19772478.28 0.0005662164 15.54 326087022046652810657792.00
P0noBHs 1.00 189 2 384080.16 -1.50 -140.62 9.96 0.29 0.25 140.98 14134.74 9658914.08 0.0000564915 12.37 623976731480626043027456.00
P0noBHs 1.00 190 2 376907.42 -3.00 -134.19 13.30 0.53 0.45 134.88 15577.73 14536982.75 0.0001224325 29.07 550171679894557700390912.00
P0noBHs 1.00 191 3 649449.25 -1.49 -133.67 6.89 0.67 0.50 133.86 34860.39 343320110.16 0.0062331888 37.56 264854757869244144156672.00
P0noBHs 1.00 192 2 452011.52 -1.06 -140.64 6.70 0.25 0.24 140.80 12765.75 11528555.87 0.0001182977 9.06 456706205240402645090304.00
P0noBHs 1.00 193 2 386083.31 0.83 -134.92 7.15 0.47 0.41 135.11 11295.58 20740981.75 0.0012523864 9.51 235308229642526323113984.00
P0noBHs 1.00 194 2 457735.67 -8.53 -126.81 14.78 0.36 0.35 127.95 15535.65 6706180.09 0.0000162161 10.79 928724017030799009251328.00
P0noBHs 1.00 195 3 648661.22 -1.77 -100.01 8.42 0.52 0.44 100.38 11090.13 16726002.83 0.0007312535 6.27 275646912379819168628736.00
P0noBHs 1.00 196 2 431609.71 7.55 -69.47 10.41 0.24 0.24 70.65 15656.67 9492791.39 0.0000347069 6.34 743333194053001274195968.00
P0noBHs 1.00 197 6 1249581.26 4.79 -95.51 8.94 0.91 0.62 96.04 13279.67 10160224.72 0.0000756206 15.66 537937853158023388725248.00
P0noBHs 1.00 198 2 367243.46 -8.91 -139.77 21.85 0.39 0.34 141.75 16993.06 6080676.77 0.0000098265 4.68 1154597808781919801835520.00
P0noBHs 1.00 199 2 382394.74 -10.48 -141.33 12.72 0.53 0.47 142.28 21856.80 5117639.61 0.0000028335 2.00 1972108196364998959693824.00
P0noBHs 1.00 200 2 447940.05 -14.51 -141.47 16.09 0.33 0.33 143.12 26028.65 3470547.29 0.0000007125 3.07 3448115478268589679575040.00
P0noBHs 1.00 201 3 642030.83 -9.52 -88.30 3.58 0.67 0.53 88.89 11416.12 16109855.55 0.0008108350 8.16 319014779939548978741248.00
P0noBHs 1.00 202 3 577101.10 -7.68 -83.30 2.46 0.38 0.33 83.69 10433.16 20560565.99 0.0014903443 7.05 204542010127724425773056.00
P0noBHs 1.00 203 2 363261.42 8.75 -86.31 -1.55 0.43 0.37 86.77 15696.22 5833813.34 0.0000111049 7.72 1036250318087556570284032.00
P0noBHs 1.00 204 4 821067.76 8.90 -87.57 -2.41 0.48 0.37 88.05 15740.76 6497693.75 0.0000141240 12.85 968858558360268654510080.00
P0noBHs 1.00 205 15 3153308.79 8.07 -95.24 7.41 2.34 1.25 95.87 12157.77 12162020.61 0.0001717035 11.91 407572512834872171036672.00
P0noBHs 1.00 206 4 807847.82 -0.33 36.89 41.45 0.54 0.34 55.49 16335.55 11107531.53 0.0000431276 6.34 716214846167358281613312.00
P0noBHs 1.00 207 2 367139.54 7.58 -79.28 -1.61 0.51 0.44 79.65 15469.79 5933974.33 0.0000120016 5.77 999895255355428496736256.00
P0noBHs 1.00 208 2 374656.63 6.37 -90.96 8.18 0.38 0.33 91.55 14055.85 9631166.59 0.0000507864 16.19 610728243500252858941440.00
P0noBHs 1.00 209 2 437823.00 -0.92 -54.88 6.98 0.41 0.41 55.33 30350.08 10412991.75 0.0000038118 8.17 2125760833071840023805952.00
P0noBHs 1.00 210 2 424731.22 10.24 -51.01 6.05 0.28 0.28 52.38 13721.12 12730780.38 0.0001213177 17.90 484319782420853334999040.00
P0noBHs 1.00 211 4 793471.39 10.66 -50.19 1.18 0.39 0.34 51.32 14959.10 10799295.97 0.0000553531 10.07 628798891462470114738176.00
P0noBHs 1.00 212 3 650413.24 -0.95 36.45 42.38 0.46 0.35 55.90 15583.41 10533089.43 0.0000444392 5.71 685717044198569637052416.00
P0noBHs 1.00 213 3 668973.28 13.31 -50.66 -6.76 0.82 0.62 52.81 25753.44 10685448.83 0.0000085008 10.01 1585891939032831639945216.00
P0noBHs 1.00 214 2 438955.05 12.40 -51.14 -6.41 0.26 0.26 53.01 17134.71 7259169.64 0.0000136668 5.01 1035188023850843554971648.00
P0noBHs 1.00 215 3 649615.51 8.04 -78.16 -3.15 0.67 0.50 78.63 16542.49 5440142.33 0.0000083394 4.80 1195138810131983055716352.00
